256
8

1
  0.0080825286605076   0.0058883554964076   -0.000000000000000  
  -0.03896792   -0.02293569   -0.00441819  
  0.00086047   -0.00003866   0.00035039  
  -0.00049407   0.00375470   -0.00107689  
  0.00061514   0.00003232   0.00043682  
  0.00023605   0.00062704   0.00045580  
  0.00053587   0.00004927   0.00042675  
  -0.00025703   0.00344908   0.00124382  
  0.00065489   -0.00002296   0.00041380  
  -0.00011360   -0.00218681   0.00061880  
  0.00062393   -0.00002994   0.00044090  
  0.00051280   0.00136022   0.00260979  
  0.00057646   0.00002412   0.00047653  
  0.00017466   0.00060949   0.00032631  
  0.00053696   0.00003245   0.00043077  
  0.00048548   0.00173216   -0.00179541  
  0.00059050   -0.00001835   0.00040464  
  0.00031160   -0.00002051   0.00039789  
  0.00053244   0.00000564   0.00042056  
  0.00025203   -0.00019681   0.00038384  
  0.00054043   -0.00000279   0.00041808  
  0.00019014   0.00058498   0.00042832  
  0.00055125   0.00000742   0.00040218  
  0.00022300   -0.00015632   0.00040222  
  0.00054562   -0.00001789   0.00041805  
  -0.00011466   -0.00218302   0.00043019  
  0.00062135   -0.00002754   0.00042131  
  0.00063007   0.00152788   -0.00041466  
  0.00056718   0.00000435   0.00037444  
  0.00016593   0.00060985   0.00040940  
  0.00053666   0.00003586   0.00041043  
  0.00036409   0.00156243   0.00140084  
  0.00059945   -0.00000236   0.00041356  
  -0.00017232   0.00007722   -0.00033000  
  -0.00209313   -0.00150194   -0.00100175  
  -0.00029072   0.00006151   -0.00038626  
  -0.00072358   0.00018266   -0.00053611  
  -0.00032870   0.00000668   -0.00038438  
  -0.00043039   0.00058236   -0.00069385  
  -0.00030235   -0.00009611   -0.00034065  
  -0.00023078   0.00103236   -0.00191826  
  -0.00030829   -0.00000369   -0.00040717  
  -0.00052902   -0.00009327   -0.00037523  
  -0.00026021   0.00000047   -0.00042470  
  -0.00051788   0.00008961   -0.00031059  
  -0.00024691   0.00001579   -0.00046244  
  -0.00053331   0.00006345   -0.00047534  
  -0.00031559   -0.00001069   -0.00044207  
  -0.00051761   -0.00007530   -0.00048802  
  -0.00019984   -0.00000766   -0.00047942  
  -0.00064290   -0.00024365   -0.00009588  
  -0.00028006   -0.00001659   -0.00042280  
  -0.00061937   0.00006486   -0.00034925  
  -0.00027285   -0.00000767   -0.00041208  
  -0.00040132   0.00036114   -0.00000768  
  -0.00015696   0.00004011   -0.00044428  
  -0.00057235   -0.00015856   -0.00009556  
  0.00009926   -0.00001630   -0.00054616  
  0.00054839   -0.00284422   0.00077448  
  -0.00027105   0.00006506   -0.00041135  
  -0.00077165   0.00012178   -0.00063589  
  -0.00034198   -0.00002782   -0.00036206  
  -0.00038612   0.00064215   -0.00060187  
  0.00009025   -0.00003678   -0.00048732  
  0.00544566   0.00392782   0.00272740  
  0.00293302   0.00239174   0.00400196  
  -0.00011665   -0.00029185   0.00029506  
  -0.00034135   0.00049170   0.00049004  
  -0.00033537   0.00001546   0.00042088  
  -0.00073767   0.00015052   0.00056806  
  -0.00026830   0.00011457   0.00039469  
  -0.00356415   -0.00284555   0.00260947  
  0.00004090   0.00016601   0.00025383  
  -0.00050517   -0.00001256   0.00058997  
  -0.00032505   -0.00001718   0.00037013  
  -0.00024564   0.00028008   0.00080691  
  -0.00030598   0.00000869   0.00038851  
  -0.00075262   0.00004545   0.00025623  
  -0.00029261   0.00004623   0.00032766  
  -0.00054424   -0.00012426   0.00046287  
  -0.00029174   -0.00002233   0.00032807  
  -0.00048237   -0.00003722   0.00009311  
  -0.00030365   -0.00003704   0.00042434  
  -0.00040961   0.00051110   0.00002512  
  -0.00031269   0.00001349   0.00038688  
  -0.00058684   -0.00019392   0.00025232  
  -0.00027915   0.00003641   0.00044147  
  -0.00055798   -0.00009832   0.00021199  
  -0.00030750   -0.00000562   0.00043745  
  0.00160512   0.00422651   -0.00327141  
  -0.00020373   -0.00016231   0.00049934  
  -0.00041571   0.00059363   0.00008460  
  -0.00034054   0.00001635   0.00040898  
  -0.00066365   0.00005377   0.00039226  
  -0.00026584   0.00011517   0.00045214  
  -0.00222463   -0.00469199   -0.00328056  
  0.00012578   0.00003819   0.00067249  
  0.00251263   -0.00025180   0.00094800  
  0.00249968   -0.00025128   0.00035111  
  0.00079588   0.00036840   -0.00034364  
  0.00033850   -0.00024019   -0.00060168  
  0.00044349   0.00012376   -0.00036080  
  0.00043181   0.00012380   -0.00043637  
  0.00028188   -0.00014157   -0.00021702  
  0.00070910   0.00046403   -0.00067510  
  0.00047633   -0.00010533   -0.00032409  
  0.00046236   -0.00010826   -0.00057979  
  0.00051200   0.00005703   -0.00033807  
  0.00034539   -0.00015876   -0.00048170  
  0.00045090   0.00008424   -0.00046851  
  0.00043630   0.00008634   -0.00039607  
  0.00029273   -0.00006195   -0.00050614  
  0.00043193   0.00014818   -0.00054146  
  0.00044345   0.00001514   -0.00049330  
  0.00042611   0.00001567   -0.00036165  
  0.00046589   -0.00001456   -0.00048431  
  0.00048062   0.00001819   -0.00034912  
  0.00050598   0.00001206   -0.00048076  
  0.00049855   0.00001116   -0.00035627  
  0.00051097   -0.00001209   -0.00054555  
  0.00047173   -0.00004825   -0.00035758  
  0.00102549   -0.00005668   -0.00103684  
  0.00100942   -0.00005948   -0.00009856  
  0.00085229   0.00032674   -0.00059491  
  0.00053814   -0.00008924   -0.00039304  
  0.00048971   0.00008705   -0.00037663  
  0.00047472   0.00009028   -0.00045412  
  0.00072311   -0.00032242   -0.00051215  
  0.00100655   0.00008562   -0.00014861  
  -0.00231281   -0.00004590   0.00030156  
  -0.00200380   0.00002535   -0.00055263  
  -0.00160669   -0.00003509   0.00026909  
  -0.00100204   0.00024019   0.00051816  
  -0.00142975   -0.00001935   0.00032951  
  -0.00135334   -0.00024647   0.00039433  
  -0.00140678   0.00007510   0.00031117  
  -0.00136477   -0.00073004   0.00099462  
  -0.00147311   0.00005805   0.00032490  
  -0.00132776   0.00023572   0.00039878  
  -0.00145666   -0.00001049   0.00032256  
  -0.00111422   -0.00002836   0.00018689  
  -0.00144670   -0.00001265   0.00039427  
  -0.00135691   -0.00006187   0.00042152  
  -0.00135458   -0.00001667   0.00035975  
  -0.00142417   -0.00012232   0.00058610  
  -0.00143821   -0.00000450   0.00036428  
  -0.00133527   0.00008293   0.00030916  
  -0.00144153   -0.00001892   0.00037542  
  -0.00138886   0.00003860   0.00020159  
  -0.00149586   -0.00000608   0.00031670  
  -0.00139884   -0.00012949   0.00016164  
  -0.00150455   0.00003594   0.00038271  
  -0.00139627   0.00002954   0.00025729  
  -0.00168529   0.00000446   0.00032071  
  -0.00140155   0.00070591   0.00016512  
  -0.00165589   -0.00003123   0.00035067  
  -0.00139630   0.00049158   -0.00013468  
  -0.00146278   -0.00003150   0.00033327  
  -0.00136451   -0.00027898   0.00030757  
  -0.00167034   0.00007366   0.00039530  
  -0.00205512   -0.00117587   -0.00069554  
  0.00395986   0.00854509   0.00766700  
  0.00108121   -0.00003756   -0.00038422  
  0.00141537   -0.00059657   -0.00038835  
  0.00127707   -0.00003307   -0.00037139  
  0.00165335   -0.00079598   -0.00013296  
  0.00124129   -0.00001202   -0.00035808  
  0.00342550   0.00513673   -0.00396348  
  0.00116824   0.00005155   -0.00040779  
  0.00160124   0.00049785   -0.00013062  
  0.00127515   0.00001591   -0.00035226  
  0.00118746   -0.00096777   -0.00099371  
  0.00126184   -0.00001348   -0.00035063  
  0.00185219   -0.00081407   0.00019540  
  0.00124619   -0.00002542   -0.00034604  
  0.00141135   0.00042143   -0.00047517  
  0.00126513   0.00001500   -0.00036458  
  0.00153945   0.00015951   -0.00042677  
  0.00125038   0.00001277   -0.00034835  
  0.00155317   -0.00042639   0.00006339  
  0.00126916   -0.00001390   -0.00035073  
  0.00163716   -0.00033920   -0.00059642  
  0.00123063   -0.00000229   -0.00035772  
  0.00148895   0.00013231   -0.00021959  
  0.00126042   0.00000116   -0.00034781  
  0.00112092   0.00089601   0.00004149  
  0.00110796   0.00002874   -0.00036408  
  0.00140100   -0.00063834   -0.00020539  
  0.00127842   -0.00002906   -0.00034239  
  0.00158912   -0.00059394   -0.00052451  
  0.00122514   -0.00001448   -0.00038445  
  0.00123017   -0.00024110   -0.00091823  
  0.00101688   0.00000047   -0.00037184  
  0.00107140   -0.00003155   0.00013956  
  0.00178152   0.00032385   0.00070125  
  0.00127882   -0.00007334   0.00028960  
  0.00151671   -0.00000101   0.00026463  
  0.00136615   -0.00004739   0.00041700  
  0.00131636   -0.00012737   0.00044602  
  0.00138764   0.00025691   0.00008605  
  0.00100202   -0.00027696   0.00066970  
  0.00131516   0.00001390   0.00035809  
  0.00141191   -0.00000347   0.00033077  
  0.00121362   -0.00002401   0.00037902  
  0.00138363   -0.00002240   0.00029200  
  0.00123811   0.00000181   0.00048542  
  0.00140346   -0.00000380   0.00036526  
  0.00128363   0.00002815   0.00041187  
  0.00139589   0.00004947   0.00035165  
  0.00117796   -0.00010600   0.00058522  
  0.00134882   0.00013681   0.00016715  
  0.00131160   -0.00011468   0.00048979  
  0.00144870   -0.00002147   0.00031230  
  0.00131712   0.00005353   0.00045087  
  0.00126319   -0.00015984   0.00018595  
  0.00106777   0.00020815   0.00070995  
  0.00141933   -0.00000103   0.00023843  
  0.00055411   -0.00002994   0.00027244  
  0.00127159   0.00037212   0.00020275  
  0.00124104   -0.00017977   0.00037315  
  0.00152737   -0.00000234   0.00034007  
  0.00141279   -0.00001872   0.00029184  
  0.00129416   -0.00016293   0.00033945  
  0.00068767   0.00027220   0.00045323  
  -0.00041457   -0.00025319   0.00021807  
  0.02594769   0.00162305   0.00061095  
  -0.00199651   0.00006631   -0.00043046  
  -0.00126251   -0.00092171   -0.00022112  
  -0.00148913   0.00007032   -0.00032098  
  -0.00124999   -0.00023988   -0.00040449  
  -0.00145664   -0.00005222   -0.00032432  
  -0.00076138   0.00025154   -0.00080579  
  -0.00159648   -0.00007740   -0.00036287  
  -0.00116050   0.00059771   -0.00075443  
  -0.00151426   0.00004274   -0.00029480  
  -0.00130706   -0.00098531   -0.00111804  
  -0.00153126   0.00011039   -0.00024279  
  -0.00116055   -0.00028292   -0.00049000  
  -0.00146937   -0.00004467   -0.00031481  
  -0.00048641   -0.00005582   -0.00038642  
  -0.00160910   -0.00012902   -0.00023231  
  -0.00127517   0.00002224   -0.00033302  
  -0.00145019   0.00001397   -0.00031979  
  -0.00120455   -0.00004012   -0.00033820  
  -0.00147664   0.00000141   -0.00031066  
  -0.00119480   -0.00056141   -0.00025330  
  -0.00147222   -0.00001784   -0.00031745  
  -0.00122673   0.00014048   -0.00033464  
  -0.00147927   0.00000730   -0.00031660  
  -0.00122747   0.00024595   -0.00009323  
  -0.00151922   0.00004691   -0.00041074  
  -0.00145114   -0.00077601   0.00045566  
  -0.00151298   0.00001416   -0.00032817  
  -0.00121672   -0.00025290   -0.00024025  
  -0.00147571   -0.00002975   -0.00031727  
  -0.00107163   0.00045074   0.00015537  
  -0.00155448   -0.00004018   -0.00039995  

1
  -0.0080825286605076   -0.0058883554964076   0.000000000000000  
  0.03870476   0.02282293   0.00509508  
  -0.00003530   0.00004163   0.00048521  
  0.00133414   -0.00374449   0.00193612  
  0.00021788   -0.00003613   0.00040145  
  0.00060742   -0.00062473   0.00039109  
  0.00029796   -0.00003966   0.00040937  
  0.00112703   -0.00345459   -0.00037799  
  0.00017850   0.00002136   0.00042852  
  0.00096472   0.00218233   0.00021085  
  0.00021270   0.00003392   0.00040398  
  0.00034429   -0.00138402   -0.00180288  
  0.00025118   -0.00002751   0.00036165  
  0.00067819   -0.00061423   0.00052059  
  0.00029264   -0.00003515   0.00039421  
  0.00036039   -0.00171363   0.00261358  
  0.00024867   0.00001990   0.00043138  
  0.00054346   0.00002742   0.00044013  
  0.00031089   -0.00000941   0.00041637  
  0.00059885   0.00018792   0.00045460  
  0.00030396   0.00000272   0.00041779  
  0.00065554   -0.00058152   0.00040597  
  0.00027940   -0.00000684   0.00042960  
  0.00062989   0.00015314   0.00043655  
  0.00028535   0.00002199   0.00042405  
  0.00096731   0.00218624   0.00042455  
  0.00020979   0.00003838   0.00042745  
  0.00022831   -0.00153581   0.00126854  
  0.00026546   -0.00001349   0.00046437  
  0.00066907   -0.00061459   0.00043884  
  0.00029153   -0.00003129   0.00042558  
  0.00047317   -0.00156240   -0.00055207  
  0.00023306   0.00000373   0.00041887  
  -0.00066677   -0.00008368   -0.00051892  
  0.00125523   0.00151981   0.00016779  
  -0.00055191   -0.00006439   -0.00044855  
  -0.00010627   -0.00018246   -0.00030954  
  -0.00050809   -0.00000305   -0.00045093  
  -0.00039533   -0.00058337   -0.00013906  
  -0.00053437   0.00010454   -0.00050478  
  -0.00059789   -0.00105198   0.00109530  
  -0.00052790   -0.00000531   -0.00044248  
  -0.00030751   0.00008198   -0.00046476  
  -0.00057853   0.00000931   -0.00041719  
  -0.00031714   -0.00007842   -0.00052352  
  -0.00059889   -0.00002039   -0.00038092  
  -0.00030294   -0.00006410   -0.00036058  
  -0.00052280   0.00001010   -0.00040427  
  -0.00031528   0.00007581   -0.00035730  
  -0.00064633   0.00000905   -0.00036427  
  -0.00018869   0.00025451   -0.00075928  
  -0.00056210   0.00001587   -0.00041480  
  -0.00021204   -0.00006975   -0.00049866  
  -0.00057265   0.00000400   -0.00042159  
  -0.00043089   -0.00036969   -0.00084083  
  -0.00068202   -0.00004349   -0.00039665  
  -0.00025748   0.00015187   -0.00074443  
  -0.00094865   0.00001527   -0.00027921  
  -0.00136436   0.00285954   -0.00161031  
  -0.00057114   -0.00006692   -0.00042183  
  -0.00006468   -0.00011837   -0.00019860  
  -0.00050059   0.00003782   -0.00047804  
  -0.00044605   -0.00064794   -0.00022557  
  -0.00093462   0.00002875   -0.00034683  
  -0.00642599   -0.00404694   -0.00364076  
  -0.00376852   -0.00236736   -0.00315593  
  -0.00072520   0.00028715   0.00051789  
  -0.00049468   -0.00048794   0.00033073  
  -0.00048963   -0.00000727   0.00038502  
  -0.00010479   -0.00014416   0.00025477  
  -0.00057369   -0.00010961   0.00042142  
  0.00271533   0.00284939   -0.00178953  
  -0.00087512   -0.00016500   0.00055796  
  -0.00034541   0.00001815   0.00023024  
  -0.00051294   0.00001609   0.00043710  
  -0.00059894   -0.00027057   0.00000894  
  -0.00052633   -0.00000169   0.00042239  
  -0.00008186   -0.00004242   0.00056410  
  -0.00054173   -0.00004952   0.00047832  
  -0.00030327   0.00012209   0.00035601  
  -0.00054062   0.00002736   0.00048027  
  -0.00035831   0.00004415   0.00072313  
  -0.00052789   0.00004189   0.00037803  
  -0.00042331   -0.00051180   0.00078616  
  -0.00051635   -0.00001945   0.00042194  
  -0.00025868   0.00018980   0.00055565  
  -0.00054641   -0.00003484   0.00037099  
  -0.00027950   0.00009992   0.00060079  
  -0.00052376   -0.00000159   0.00037071  
  -0.00241256   -0.00420800   0.00407213  
  -0.00063200   0.00017172   0.00030111  
  -0.00042325   -0.00058729   0.00072492  
  -0.00049472   -0.00000625   0.00039754  
  -0.00017130   -0.00004408   0.00043055  
  -0.00056577   -0.00011136   0.00035924  
  0.00137476   0.00467892   0.00410006  
  -0.00096561   -0.00004766   0.00013913  
  -0.00169447   0.00025303   -0.00179107  
  -0.00169378   0.00025344   -0.00116820  
  0.00004544   -0.00037506   -0.00047519  
  0.00049544   0.00023322   -0.00019648  
  0.00038922   -0.00012889   -0.00044905  
  0.00039843   -0.00012771   -0.00036032  
  0.00055974   0.00014018   -0.00059573  
  0.00011974   -0.00047048   -0.00012939  
  0.00036368   0.00010536   -0.00049919  
  0.00037067   0.00010642   -0.00022822  
  0.00031160   -0.00005022   -0.00048452  
  0.00047301   0.00015368   -0.00032526  
  0.00038658   -0.00008995   -0.00034973  
  0.00039307   -0.00008927   -0.00041210  
  0.00054047   0.00005487   -0.00031458  
  0.00039717   -0.00015296   -0.00026690  
  0.00039660   -0.00002345   -0.00032271  
  0.00039959   -0.00002124   -0.00045097  
  0.00037182   0.00001893   -0.00032833  
  0.00035527   -0.00002009   -0.00046528  
  0.00032579   -0.00000881   -0.00033721  
  0.00033677   -0.00001138   -0.00045638  
  0.00032907   0.00000180   -0.00027618  
  0.00036260   0.00003697   -0.00045324  
  -0.00019227   0.00005608   0.00024049  
  -0.00018848   0.00005675   -0.00069544  
  -0.00001898   -0.00032524   -0.00020914  
  0.00028959   0.00008831   -0.00040473  
  0.00034781   -0.00008690   -0.00043453  
  0.00035503   -0.00008559   -0.00035224  
  0.00011957   0.00032087   -0.00030186  
  -0.00018321   -0.00010001   -0.00067172  
  -0.00041173   0.00003556   0.00039611  
  -0.00075873   -0.00002787   0.00125759  
  -0.00112612   0.00004238   0.00041481  
  -0.00173624   -0.00023636   0.00017218  
  -0.00129876   0.00004174   0.00035712  
  -0.00140117   0.00025752   0.00028241  
  -0.00132557   -0.00007333   0.00038415  
  -0.00138247   0.00074645   -0.00031637  
  -0.00126324   -0.00005971   0.00036944  
  -0.00142750   -0.00023577   0.00028697  
  -0.00126970   0.00000440   0.00037080  
  -0.00162114   0.00003736   0.00049293  
  -0.00128429   0.00002650   0.00030866  
  -0.00137827   0.00006988   0.00025929  
  -0.00137516   0.00002110   0.00034305  
  -0.00132414   0.00011941   0.00011053  
  -0.00130780   -0.00001140   0.00031668  
  -0.00141052   -0.00008347   0.00038676  
  -0.00129787   0.00001473   0.00032651  
  -0.00134764   -0.00003316   0.00049731  
  -0.00123216   0.00001119   0.00037599  
  -0.00132869   0.00015169   0.00053603  
  -0.00122936   -0.00001526   0.00030664  
  -0.00134438   -0.00002471   0.00042741  
  -0.00105432   -0.00000963   0.00035405  
  -0.00133547   -0.00073087   0.00052651  
  -0.00108332   0.00002829   0.00031434  
  -0.00135132   -0.00049528   0.00080087  
  -0.00127571   0.00003499   0.00035348  
  -0.00138274   0.00029766   0.00037829  
  -0.00106075   -0.00006390   0.00028528  
  -0.00068070   0.00120479   0.00140049  
  -0.00121683   -0.00831117   -0.00810630  
  0.00166989   0.00002739   -0.00028075  
  0.00131873   0.00060924   -0.00029523  
  0.00148425   0.00003673   -0.00032372  
  0.00107769   0.00079781   -0.00055874  
  0.00150592   0.00001289   -0.00031397  
  -0.00066229   -0.00522554   0.00333037  
  0.00158163   -0.00005308   -0.00028322  
  0.00112987   -0.00050204   -0.00053834  
  0.00146867   -0.00002239   -0.00034289  
  0.00154653   0.00099074   0.00031388  
  0.00148451   0.00001109   -0.00033242  
  0.00088838   0.00080060   -0.00088210  
  0.00150164   0.00002607   -0.00034051  
  0.00132454   -0.00042882   -0.00020777  
  0.00147922   -0.00002661   -0.00032410  
  0.00119397   -0.00016865   -0.00026529  
  0.00148189   -0.00002662   -0.00033670  
  0.00118363   0.00043812   -0.00074705  
  0.00145662   0.00001395   -0.00034178  
  0.00110089   0.00034349   -0.00007937  
  0.00150403   0.00000977   -0.00033039  
  0.00124651   -0.00014625   -0.00047368  
  0.00147036   -0.00000925   -0.00033948  
  0.00158866   -0.00087619   -0.00076084  
  0.00162503   -0.00004091   -0.00031798  
  0.00131447   0.00065370   -0.00049989  
  0.00146467   0.00002633   -0.00034151  
  0.00114655   0.00059444   -0.00017780  
  0.00151241   0.00001528   -0.00030327  
  0.00150307   0.00022582   0.00020289  
  0.00173660   -0.00000617   -0.00031251  
  0.00168779   0.00001298   0.00055278  
  0.00095726   -0.00033078   -0.00002136  
  0.00146590   0.00008621   0.00039148  
  0.00120886   0.00001826   0.00041548  
  0.00138052   0.00006968   0.00027422  
  0.00141234   0.00013447   0.00023070  
  0.00136063   -0.00025766   0.00059946  
  0.00173176   0.00027523   0.00001759  
  0.00143985   -0.00001233   0.00033388  
  0.00131405   0.00000672   0.00036137  
  0.00153146   0.00002490   0.00031266  
  0.00134065   0.00002404   0.00037946  
  0.00151382   0.00000617   0.00020218  
  0.00132502   0.00002524   0.00031629  
  0.00146947   -0.00001288   0.00029512  
  0.00132778   -0.00005987   0.00034185  
  0.00158891   0.00010394   0.00009636  
  0.00138803   -0.00015202   0.00050563  
  0.00145618   0.00012197   0.00019696  
  0.00128352   0.00002310   0.00036870  
  0.00142636   -0.00004890   0.00023350  
  0.00147594   0.00018034   0.00049299  
  0.00167879   -0.00020973   -0.00003545  
  0.00132436   0.00000258   0.00043541  
  0.00220412   0.00002277   0.00041727  
  0.00145098   -0.00038602   0.00046980  
  0.00151011   0.00019719   0.00029621  
  0.00121096   0.00000732   0.00034413  
  0.00135597   0.00003016   0.00038694  
  0.00144942   0.00016567   0.00033991  
  0.00207506   -0.00026240   0.00023479  
  0.00318323   0.00024711   0.00046796  
  -0.02754125   -0.00169376   -0.00139755  
  -0.00073327   -0.00008787   -0.00024286  
  -0.00146689   0.00090850   -0.00046345  
  -0.00124495   -0.00006713   -0.00035640  
  -0.00150243   0.00025300   -0.00030084  
  -0.00128224   0.00004897   -0.00035894  
  -0.00199439   -0.00025467   0.00009894  
  -0.00114039   0.00009015   -0.00031875  
  -0.00159499   -0.00062357   0.00005978  
  -0.00123346   -0.00005173   -0.00039128  
  -0.00144079   0.00098555   0.00044146  
  -0.00121534   -0.00011581   -0.00044485  
  -0.00161072   0.00029690   -0.00019487  
  -0.00126777   0.00004756   -0.00036577  
  -0.00226689   0.00005510   -0.00029741  
  -0.00113762   0.00012492   -0.00045637  
  -0.00145711   -0.00003654   -0.00034529  
  -0.00127009   -0.00002247   -0.00037191  
  -0.00152655   0.00002822   -0.00034310  
  -0.00126353   -0.00000850   -0.00036831  
  -0.00156253   0.00056899   -0.00042457  
  -0.00127150   0.00003753   -0.00037156  
  -0.00151738   -0.00014057   -0.00035613  
  -0.00125138   -0.00000415   -0.00036395  
  -0.00151541   -0.00025932   -0.00060652  
  -0.00119003   -0.00005596   -0.00026411  
  -0.00130018   0.00076679   -0.00116095  
  -0.00120680   -0.00001268   -0.00034267  
  -0.00154723   0.00027290   -0.00046293  
  -0.00125343   0.00003052   -0.00035700  
  -0.00167454   -0.00045206   -0.00082701  
  -0.00116883   0.00004949   -0.00027336  

1
  0.0000000000000000   0.0000000000000000   0.010000000000000  
  -0.00555755   -0.00000000   -0.03703105  
  0.00032639   0.00000000   0.00032526  
  -0.00001400   0.00196725   -0.00474453  
  0.00041767   -0.00001942   0.00036633  
  0.00045918   -0.00000000   -0.00016403  
  0.00042483   0.00000000   0.00042611  
  -0.00001400   -0.00196725   -0.00474453  
  0.00041767   0.00001942   0.00036633  
  0.00041156   0.00000000   0.00480403  
  0.00040386   0.00000000   0.00043170  
  0.00049271   0.00153074   0.00295858  
  0.00038874   0.00003553   0.00042127  
  0.00039476   0.00000000   0.00033004  
  0.00040986   0.00000000   0.00039449  
  0.00049271   -0.00153074   0.00295858  
  0.00038874   -0.00003553   0.00042127  
  0.00037995   0.00000000   0.00105635  
  0.00040954   0.00000000   0.00047945  
  0.00037605   0.00001780   0.00113763  
  0.00041125   -0.00000274   0.00047035  
  0.00042587   0.00000000   0.00129748  
  0.00039953   0.00000000   0.00044697  
  0.00037605   -0.00001780   0.00113763  
  0.00041125   0.00000274   0.00047035  
  0.00066933   0.00000000   0.00475130  
  0.00042711   0.00000000   0.00044240  
  0.00041576   -0.00373077   0.00295541  
  0.00043731   -0.00006278   0.00042447  
  0.00029542   0.00000000   0.00032632  
  0.00043245   0.00000000   0.00039666  
  0.00041576   0.00373077   0.00295541  
  0.00043731   0.00006278   0.00042447  
  -0.00030101   0.00001400   -0.00052681  
  -0.00171269   0.00078296   0.00069307  
  -0.00037183   -0.00000198   -0.00043797  
  -0.00066546   0.00013738   -0.00035855  
  -0.00037183   0.00000198   -0.00043797  
  -0.00066546   -0.00013738   -0.00035855  
  -0.00030101   -0.00001400   -0.00052681  
  -0.00171269   -0.00078296   0.00069307  
  -0.00040899   0.00003126   -0.00034860  
  -0.00042875   0.00009599   -0.00011708  
  -0.00044496   0.00003325   -0.00038068  
  -0.00039013   0.00014052   -0.00019583  
  -0.00044496   -0.00003325   -0.00038068  
  -0.00039013   -0.00014052   -0.00019583  
  -0.00040899   -0.00003126   -0.00034860  
  -0.00042875   -0.00009599   -0.00011708  
  -0.00045317   -0.00002689   -0.00033727  
  -0.00001045   0.00000421   -0.00009369  
  -0.00040972   -0.00000912   -0.00042760  
  -0.00011429   -0.00028843   -0.00037325  
  -0.00040972   0.00000912   -0.00042760  
  -0.00011429   0.00028843   -0.00037325  
  -0.00045317   0.00002689   -0.00033727  
  -0.00001045   -0.00000421   -0.00009369  
  -0.00053033   -0.00004867   -0.00039645  
  0.00229518   -0.00169207   -0.00172597  
  -0.00037364   -0.00004346   -0.00043358  
  -0.00067875   -0.00002323   -0.00073514  
  -0.00037364   0.00004346   -0.00043358  
  -0.00067875   0.00002323   -0.00073514  
  -0.00053033   0.00004867   -0.00039645  
  0.00229518   0.00169207   -0.00172597  
  0.00414725   -0.00000970   0.00072387  
  -0.00064525   0.00014165   0.00030219  
  -0.00019948   0.00025301   0.00024284  
  -0.00045674   0.00003388   0.00034903  
  -0.00019948   -0.00025301   0.00024284  
  -0.00045674   -0.00003388   0.00034903  
  0.00414725   0.00000970   0.00072387  
  -0.00064525   -0.00014165   0.00030219  
  -0.00008607   0.00010356   0.00083409  
  -0.00044500   0.00000824   0.00049849  
  -0.00007636   0.00019458   0.00067528  
  -0.00042805   0.00004651   0.00047299  
  -0.00007636   -0.00019458   0.00067528  
  -0.00042805   -0.00004651   0.00047299  
  -0.00008607   -0.00010356   0.00083409  
  -0.00044500   -0.00000824   0.00049849  
  -0.00054068   -0.00010418   0.00083218  
  -0.00034474   -0.00003716   0.00050076  
  -0.00055607   -0.00046721   0.00067255  
  -0.00035628   -0.00004891   0.00047475  
  -0.00055607   0.00046721   0.00067255  
  -0.00035628   0.00004891   0.00047475  
  -0.00054068   0.00010418   0.00083218  
  -0.00034474   0.00003716   0.00050076  
  -0.00395869   -0.00117901   0.00073552  
  -0.00024775   -0.00002836   0.00029688  
  -0.00054680   0.00006602   0.00023777  
  -0.00041482   -0.00002508   0.00034460  
  -0.00054680   -0.00006602   0.00023777  
  -0.00041482   0.00002508   0.00034460  
  -0.00395869   0.00117901   0.00073552  
  -0.00024775   0.00002836   0.00029688  
  -0.00053598   -0.00000000   -0.00148360  
  -0.00129386   -0.00000000   -0.00147569  
  0.00071302   0.00006352   -0.00064024  
  0.00024684   -0.00010271   -0.00064266  
  0.00047164   -0.00000000   -0.00040676  
  0.00035379   -0.00000000   -0.00040555  
  0.00071302   -0.00006352   -0.00064024  
  0.00024684   0.00010271   -0.00064266  
  0.00063167   -0.00000000   -0.00022573  
  0.00029050   -0.00000000   -0.00022193  
  0.00054681   0.00004566   -0.00029481  
  0.00042031   0.00014846   -0.00029240  
  0.00041084   -0.00000000   -0.00030217  
  0.00048008   -0.00000000   -0.00031006  
  0.00054681   -0.00004566   -0.00029481  
  0.00042031   -0.00014846   -0.00029240  
  0.00035393   -0.00000000   -0.00025297  
  0.00050543   -0.00000000   -0.00025428  
  0.00035092   0.00001191   -0.00030211  
  0.00053464   0.00004967   -0.00030161  
  0.00035514   -0.00000000   -0.00036643  
  0.00049626   -0.00000000   -0.00035976  
  0.00035092   -0.00001191   -0.00030211  
  0.00053464   -0.00004967   -0.00030161  
  0.00003885   -0.00000000   -0.00016204  
  0.00117921   -0.00000000   -0.00016235  
  0.00025076   -0.00021261   -0.00047205  
  0.00058678   -0.00007280   -0.00047070  
  0.00048571   -0.00000000   -0.00055036  
  0.00036938   -0.00000000   -0.00054994  
  0.00025076   0.00021261   -0.00047205  
  0.00058678   0.00007280   -0.00047070  
  -0.00109667   0.00000000   0.00028991  
  -0.00026402   0.00000000   0.00116455  
  -0.00141786   0.00009721   0.00042573  
  -0.00103161   0.00010087   0.00073345  
  -0.00139229   0.00000000   0.00036886  
  -0.00133738   0.00000000   0.00045038  
  -0.00141786   -0.00009721   0.00042573  
  -0.00103161   -0.00010087   0.00073345  
  -0.00152929   0.00000000   0.00026474  
  -0.00121848   0.00000000   -0.00010085  
  -0.00142594   -0.00002472   0.00029419  
  -0.00130059   -0.00014027   0.00006608  
  -0.00137115   0.00000000   0.00030754  
  -0.00145873   0.00000000   0.00022797  
  -0.00142594   0.00002472   0.00029419  
  -0.00130059   0.00014027   0.00006608  
  -0.00137267   0.00000000   0.00028001  
  -0.00148045   0.00000000   0.00008352  
  -0.00136667   0.00001852   0.00030153  
  -0.00151381   0.00010792   0.00008424  
  -0.00130255   0.00000000   0.00031525  
  -0.00139346   0.00000000   0.00011610  
  -0.00136667   -0.00001852   0.00030153  
  -0.00151381   -0.00010792   0.00008424  
  -0.00121525   0.00000000   0.00041864  
  -0.00199676   0.00000000   0.00111486  
  -0.00133382   -0.00000484   0.00038170  
  -0.00164217   0.00024754   0.00029748  
  -0.00143811   0.00000000   0.00038984  
  -0.00127163   0.00000000   0.00066610  
  -0.00133382   0.00000484   0.00038170  
  -0.00164217   -0.00024754   0.00029748  
  0.00247228   0.00956642   0.01447035  
  0.00139283   0.00002078   -0.00027371  
  0.00142212   -0.00037736   0.00000266  
  0.00138593   0.00002414   -0.00030855  
  0.00142212   0.00037736   0.00000266  
  0.00138593   -0.00002414   -0.00030855  
  0.00247228   -0.00956642   0.01447035  
  0.00139283   -0.00002078   -0.00027371  
  0.00104947   -0.00036818   -0.00122736  
  0.00135731   -0.00002077   -0.00037323  
  0.00096428   -0.00070888   -0.00125722  
  0.00138473   -0.00001223   -0.00036471  
  0.00096428   0.00070888   -0.00125722  
  0.00138473   0.00001223   -0.00036471  
  0.00104947   0.00036818   -0.00122736  
  0.00135731   0.00002077   -0.00037323  
  0.00135153   0.00016979   -0.00087536  
  0.00132008   0.00002312   -0.00039489  
  0.00145464   0.00058601   -0.00124806  
  0.00132134   0.00001544   -0.00037928  
  0.00145464   -0.00058601   -0.00124806  
  0.00132134   -0.00001544   -0.00037928  
  0.00135153   -0.00016979   -0.00087536  
  0.00132008   -0.00002312   -0.00039489  
  0.00159261   0.00113691   -0.00126433  
  0.00135292   -0.00000841   -0.00032394  
  0.00143066   0.00007011   0.00050046  
  0.00137840   0.00001590   -0.00031315  
  0.00143066   -0.00007011   0.00050046  
  0.00137840   -0.00001590   -0.00031315  
  0.00159261   -0.00113691   -0.00126433  
  0.00135292   0.00000841   -0.00032394  
  0.00103888   0.00013783   0.00046197  
  0.00196265   -0.00014703   0.00014704  
  0.00133100   -0.00004850   0.00028912  
  0.00153002   -0.00002861   0.00026800  
  0.00133100   0.00004850   0.00028912  
  0.00153002   0.00002861   0.00026800  
  0.00103888   -0.00013783   0.00046197  
  0.00196265   0.00014703   0.00014704  
  0.00135026   -0.00001879   0.00019096  
  0.00140480   -0.00002153   0.00021453  
  0.00135855   -0.00000945   0.00025840  
  0.00133512   -0.00001014   0.00024598  
  0.00135855   0.00000945   0.00025840  
  0.00133512   0.00001014   0.00024598  
  0.00135026   0.00001879   0.00019096  
  0.00140480   0.00002153   0.00021453  
  0.00140348   0.00012286   0.00033119  
  0.00117475   0.00011059   0.00026777  
  0.00135878   0.00007743   0.00034805  
  0.00110240   0.00005637   0.00032202  
  0.00135878   -0.00007743   0.00034805  
  0.00110240   -0.00005637   0.00032202  
  0.00140348   -0.00012286   0.00033119  
  0.00117475   -0.00011059   0.00026777  
  0.00171832   0.00002880   0.00057163  
  0.00053174   -0.00021093   0.00075877  
  0.00129515   -0.00004561   0.00045524  
  0.00154159   -0.00000566   0.00046870  
  0.00129515   0.00004561   0.00045524  
  0.00154159   0.00000566   0.00046870  
  0.00171832   -0.00002880   0.00057163  
  0.00053174   0.00021093   0.00075877  
  -0.00060654   0.00000000   0.00184172  
  -0.00116468   -0.00000000   -0.00014462  
  -0.00148623   -0.00010936   0.00046938  
  -0.00137303   0.00001374   -0.00022266  
  -0.00135595   -0.00000000   -0.00018667  
  -0.00136835   -0.00000000   -0.00029296  
  -0.00148623   0.00010936   0.00046938  
  -0.00137303   -0.00001374   -0.00022266  
  -0.00181842   -0.00000000   -0.00094173  
  -0.00133676   -0.00000000   -0.00031140  
  -0.00186140   -0.00032546   -0.00074684  
  -0.00127233   -0.00007496   -0.00037021  
  -0.00138594   -0.00000000   -0.00038170  
  -0.00134401   -0.00000000   -0.00034093  
  -0.00186140   0.00032546   -0.00074684  
  -0.00127233   0.00007496   -0.00037021  
  -0.00134559   -0.00000000   -0.00060765  
  -0.00133908   -0.00000000   -0.00041341  
  -0.00135191   -0.00006634   -0.00075671  
  -0.00135891   -0.00000622   -0.00041284  
  -0.00132859   -0.00000000   -0.00113683  
  -0.00135540   -0.00000000   -0.00040650  
  -0.00135191   0.00006634   -0.00075671  
  -0.00135891   0.00000622   -0.00041284  
  -0.00103600   -0.00000000   -0.00091692  
  -0.00144733   -0.00000000   -0.00039066  
  -0.00091546   0.00057205   -0.00097108  
  -0.00140597   0.00007220   -0.00038274  
  -0.00140356   0.00000000   -0.00008618  
  -0.00139360   -0.00000000   -0.00032709  
  -0.00091546   -0.00057205   -0.00097108  
  -0.00140597   -0.00007220   -0.00038274  

1
  0.0000000000000000   -0.0000000000000000   -0.010000000000000  
  0.00620599   0.00000000   0.03707881  
  0.00049492   0.00000000   0.00050952  
  0.00084006   -0.00196205   0.00558262  
  0.00040166   0.00002024   0.00047516  
  0.00037141   0.00000000   0.00101150  
  0.00040084   0.00000000   0.00041494  
  0.00084006   0.00196205   0.00558262  
  0.00040166   -0.00002024   0.00047516  
  0.00040627   -0.00000000   -0.00393915  
  0.00041267   0.00000000   0.00038834  
  0.00032372   -0.00155657   -0.00216081  
  0.00044651   -0.00003693   0.00040902  
  0.00042659   0.00000000   0.00049844  
  0.00042597   0.00000000   0.00044099  
  0.00032372   0.00155657   -0.00216081  
  0.00044651   0.00003693   0.00040902  
  0.00042774   -0.00000000   -0.00024252  
  0.00040619   0.00000000   0.00034382  
  0.00043822   -0.00001387   -0.00031822  
  0.00041625   0.00000056   0.00036370  
  0.00039341   -0.00000000   -0.00047578  
  0.00043505   0.00000000   0.00039272  
  0.00043822   0.00001387   -0.00031822  
  0.00041625   -0.00000056   0.00036370  
  0.00015823   -0.00000000   -0.00399749  
  0.00038665   0.00000000   0.00040119  
  0.00040545   0.00376611   -0.00216424  
  0.00038680   0.00005670   0.00041445  
  0.00053698   0.00000000   0.00050068  
  0.00039468   0.00000000   0.00044636  
  0.00040545   -0.00376611   -0.00216424  
  0.00038680   -0.00005670   0.00041445  
  -0.00052053   -0.00000695   -0.00030387  
  0.00088368   -0.00078494   -0.00152016  
  -0.00045391   0.00000087   -0.00040953  
  -0.00016822   -0.00014381   -0.00046912  
  -0.00045391   -0.00000087   -0.00040953  
  -0.00016822   0.00014381   -0.00046912  
  -0.00052053   0.00000695   -0.00030387  
  0.00088368   0.00078494   -0.00152016  
  -0.00040871   -0.00003291   -0.00048329  
  -0.00038803   -0.00009479   -0.00071517  
  -0.00039219   -0.00002949   -0.00046057  
  -0.00043743   -0.00013829   -0.00064507  
  -0.00039219   0.00002949   -0.00046057  
  -0.00043743   0.00013829   -0.00064507  
  -0.00040871   0.00003291   -0.00048329  
  -0.00038803   0.00009479   -0.00071517  
  -0.00035902   0.00002847   -0.00049215  
  -0.00081181   -0.00000418   -0.00074319  
  -0.00041956   0.00000478   -0.00039952  
  -0.00071470   0.00029340   -0.00046570  
  -0.00041956   -0.00000478   -0.00039952  
  -0.00071470   -0.00029340   -0.00046570  
  -0.00035902   -0.00002847   -0.00049215  
  -0.00081181   0.00000418   -0.00074319  
  -0.00028225   0.00005734   -0.00043620  
  -0.00311016   0.00169263   0.00093550  
  -0.00046071   0.00004633   -0.00040378  
  -0.00016678   0.00003012   -0.00010639  
  -0.00046071   -0.00004633   -0.00040378  
  -0.00016678   -0.00003012   -0.00010639  
  -0.00028225   -0.00005734   -0.00043620  
  -0.00311016   -0.00169263   0.00093550  
  -0.00496874   0.00002161   0.00007305  
  -0.00018289   -0.00014525   0.00050389  
  -0.00062411   -0.00025723   0.00057399  
  -0.00038231   -0.00003516   0.00046853  
  -0.00062411   0.00025723   0.00057399  
  -0.00038231   0.00003516   0.00046853  
  -0.00496874   -0.00002161   0.00007305  
  -0.00018289   0.00014525   0.00050389  
  -0.00072127   -0.00010217   -0.00003883  
  -0.00036917   -0.00001080   0.00030001  
  -0.00074476   -0.00019596   0.00012459  
  -0.00040058   -0.00004340   0.00033075  
  -0.00074476   0.00019596   0.00012459  
  -0.00040058   0.00004340   0.00033075  
  -0.00072127   0.00010217   -0.00003883  
  -0.00036917   0.00001080   0.00030001  
  -0.00025948   0.00010845   -0.00003817  
  -0.00047597   0.00003293   0.00030514  
  -0.00026090   0.00047344   0.00012481  
  -0.00046594   0.00005029   0.00033492  
  -0.00026090   -0.00047344   0.00012481  
  -0.00046594   -0.00005029   0.00033492  
  -0.00025948   -0.00010845   -0.00003817  
  -0.00047597   -0.00003293   0.00030514  
  0.00319078   0.00116923   0.00008276  
  -0.00056935   0.00003949   0.00050005  
  -0.00026753   -0.00006528   0.00057241  
  -0.00040564   0.00002681   0.00046411  
  -0.00026753   0.00006528   0.00057241  
  -0.00040564   -0.00002681   0.00046411  
  0.00319078   -0.00116923   0.00008276  
  -0.00056935   -0.00003949   0.00050005  
  0.00133362   0.00000000   0.00067101  
  0.00209866   0.00000000   0.00067968  
  0.00011217   -0.00005482   -0.00016081  
  0.00057176   0.00010692   -0.00016114  
  0.00036627   -0.00000000   -0.00040969  
  0.00047449   -0.00000000   -0.00040745  
  0.00011217   0.00005482   -0.00016081  
  0.00057176   -0.00010692   -0.00016114  
  0.00018454   -0.00000000   -0.00058106  
  0.00051527   -0.00000000   -0.00057794  
  0.00026719   -0.00005351   -0.00051393  
  0.00040093   -0.00014137   -0.00051412  
  0.00041874   -0.00000000   -0.00049651  
  0.00034045   -0.00000000   -0.00050430  
  0.00026719   0.00005351   -0.00051393  
  0.00040093   0.00014137   -0.00051412  
  0.00045360   -0.00000000   -0.00054974  
  0.00030422   -0.00000000   -0.00055245  
  0.00046858   -0.00000547   -0.00050881  
  0.00027790   -0.00004668   -0.00050715  
  0.00046734   -0.00000000   -0.00045416  
  0.00032620   -0.00000000   -0.00044584  
  0.00046858   0.00000547   -0.00050881  
  0.00027790   0.00004668   -0.00050715  
  0.00077102   -0.00000000   -0.00062828  
  -0.00039103   -0.00000000   -0.00062811  
  0.00057652   0.00022364   -0.00032928  
  0.00023157   0.00007608   -0.00032597  
  0.00035435   -0.00000000   -0.00025829  
  0.00045569   -0.00000000   -0.00025634  
  0.00057652   -0.00022364   -0.00032928  
  0.00023157   -0.00007608   -0.00032597  
  -0.00163327   0.00000000   0.00041080  
  -0.00246831   -0.00000000   -0.00049939  
  -0.00131051   -0.00009056   0.00027169  
  -0.00168639   -0.00008517   -0.00006410  
  -0.00134980   0.00000000   0.00034036  
  -0.00140393   0.00000000   0.00022450  
  -0.00131051   0.00009056   0.00027169  
  -0.00168639   0.00008517   -0.00006410  
  -0.00119293   0.00000000   0.00042750  
  -0.00148741   0.00000000   0.00077466  
  -0.00128594   0.00003457   0.00038219  
  -0.00142081   0.00016786   0.00062416  
  -0.00135041   0.00000000   0.00036231  
  -0.00126810   0.00000000   0.00048836  
  -0.00128594   -0.00003457   0.00038219  
  -0.00142081   -0.00016786   0.00062416  
  -0.00135338   0.00000000   0.00038744  
  -0.00121144   0.00000000   0.00060555  
  -0.00134601   -0.00002259   0.00038884  
  -0.00119350   -0.00009030   0.00060553  
  -0.00139429   0.00000000   0.00035985  
  -0.00130668   0.00000000   0.00057437  
  -0.00134601   0.00002259   0.00038884  
  -0.00119350   0.00009030   0.00060553  
  -0.00154886   0.00000000   0.00025921  
  -0.00071276   -0.00000000   -0.00044206  
  -0.00140577   0.00001456   0.00029718  
  -0.00106447   -0.00022600   0.00038101  
  -0.00129130   0.00000000   0.00030530  
  -0.00144028   -0.00000000   0.00002716  
  -0.00140577   -0.00001456   0.00029718  
  -0.00106447   0.00022600   0.00038101  
  0.00034888   -0.00907075   -0.01473652  
  0.00134152   -0.00002353   -0.00040207  
  0.00128925   0.00038571   -0.00069585  
  0.00135843   -0.00001793   -0.00038687  
  0.00128925   -0.00038571   -0.00069585  
  0.00135843   0.00001793   -0.00038687  
  0.00034888   0.00907075   -0.01473652  
  0.00134152   0.00002353   -0.00040207  
  0.00167441   0.00037185   0.00055316  
  0.00135360   0.00003407   -0.00031789  
  0.00176920   0.00072017   0.00059838  
  0.00134019   0.00001965   -0.00032189  
  0.00176920   -0.00072017   0.00059838  
  0.00134019   -0.00001965   -0.00032189  
  0.00167441   -0.00037185   0.00055316  
  0.00135360   -0.00003407   -0.00031789  
  0.00136664   -0.00017042   0.00022680  
  0.00140456   -0.00001760   -0.00028892  
  0.00125021   -0.00058888   0.00058716  
  0.00139633   -0.00000207   -0.00030957  
  0.00125021   0.00058888   0.00058716  
  0.00139633   0.00000207   -0.00030957  
  0.00136664   0.00017042   0.00022680  
  0.00140456   0.00001760   -0.00028892  
  0.00113131   -0.00109447   0.00053586  
  0.00136813   0.00003558   -0.00035427  
  0.00128516   -0.00006686   -0.00118467  
  0.00135614   0.00001182   -0.00037163  
  0.00128516   0.00006686   -0.00118467  
  0.00135614   -0.00001182   -0.00037163  
  0.00113131   0.00109447   0.00053586  
  0.00136813   -0.00003558   -0.00035427  
  0.00167160   -0.00014061   0.00020453  
  0.00075825   0.00017245   0.00053217  
  0.00138611   0.00005179   0.00038841  
  0.00120605   0.00003866   0.00042154  
  0.00138611   -0.00005179   0.00038841  
  0.00120605   -0.00003866   0.00042154  
  0.00167160   0.00014061   0.00020453  
  0.00075825   -0.00017245   0.00053217  
  0.00135776   0.00001058   0.00049456  
  0.00129827   0.00003894   0.00047474  
  0.00135314   0.00001898   0.00043448  
  0.00140140   0.00001947   0.00044078  
  0.00135314   -0.00001898   0.00043448  
  0.00140140   -0.00001947   0.00044078  
  0.00135776   -0.00001058   0.00049456  
  0.00129827   -0.00003894   0.00047474  
  0.00128902   -0.00011176   0.00036918  
  0.00155473   -0.00009652   0.00039970  
  0.00135516   -0.00008012   0.00035227  
  0.00162602   -0.00004252   0.00035026  
  0.00135516   0.00008012   0.00035227  
  0.00162602   0.00004252   0.00035026  
  0.00128902   0.00011176   0.00036918  
  0.00155473   0.00009652   0.00039970  
  0.00099644   -0.00003938   0.00011415  
  0.00216571   0.00020841   -0.00008152  
  0.00141839   0.00004527   0.00021748  
  0.00119178   0.00001855   0.00023127  
  0.00141839   -0.00004527   0.00021748  
  0.00119178   -0.00001855   0.00023127  
  0.00099644   0.00003938   0.00011415  
  0.00216571   -0.00020841   -0.00008152  
  -0.00210964   -0.00000000   -0.00253365  
  -0.00152864   -0.00000000   -0.00052401  
  -0.00122368   0.00010774   -0.00115863  
  -0.00134398   0.00000434   -0.00046200  
  -0.00136795   -0.00000000   -0.00052153  
  -0.00137143   -0.00000000   -0.00040147  
  -0.00122368   -0.00010774   -0.00115863  
  -0.00134398   -0.00000434   -0.00046200  
  -0.00090239   0.00000000   0.00025604  
  -0.00138290   -0.00000000   -0.00040100  
  -0.00084569   0.00035902   0.00007797  
  -0.00144996   0.00008668   -0.00031875  
  -0.00133189   -0.00000000   -0.00030325  
  -0.00138467   -0.00000000   -0.00035084  
  -0.00084569   -0.00035902   0.00007797  
  -0.00144996   -0.00008668   -0.00031875  
  -0.00137525   -0.00000000   -0.00006207  
  -0.00136460   -0.00000000   -0.00025020  
  -0.00137124   0.00007229   0.00007499  
  -0.00135589   0.00001728   -0.00026848  
  -0.00141125   0.00000000   0.00046834  
  -0.00136891   -0.00000000   -0.00027713  
  -0.00137124   -0.00007229   0.00007499  
  -0.00135589   -0.00001728   -0.00026848  
  -0.00167614   0.00000000   0.00024745  
  -0.00125197   -0.00000000   -0.00029738  
  -0.00182035   -0.00057926   0.00030345  
  -0.00130903   -0.00005144   -0.00029643  
  -0.00134005   -0.00000000   -0.00058652  
  -0.00133153   -0.00000000   -0.00035784  
  -0.00182035   0.00057926   0.00030345  
  -0.00130903   0.00005144   -0.00029643  

129
  0.0080825286605076   0.0058883554964076   -0.000000000000000  
  -0.00053379   -0.00003840   0.00063877  
  -0.00018644   0.00002695   0.00129543  
  0.00032611   0.00015958   0.00032745  
  0.00024946   -0.00049669   0.00062567  
  0.00035841   -0.00003031   0.00040773  
  0.00043989   -0.00025302   0.00043844  
  0.00024347   -0.00012401   0.00043830  
  0.00096634   -0.00000590   0.00073646  
  0.00010649   0.00000506   0.00055850  
  0.00038709   0.00072971   -0.00010511  
  0.00016692   0.00001124   0.00045865  
  -0.00055978   -0.00081108   0.00004136  
  0.00033510   -0.00003620   0.00036752  
  0.00042041   -0.00029541   0.00047245  
  0.00009275   0.00002922   0.00044936  
  0.00068506   0.00010754   0.00031725  
  0.00036207   0.00000551   0.00041941  
  0.00045844   0.00008914   0.00030955  
  0.00034202   -0.00003852   0.00040440  
  0.00039219   0.00002594   0.00022823  
  0.00029607   -0.00000707   0.00046177  
  0.00037555   -0.00014765   0.00038146  
  0.00031085   0.00004370   0.00043261  
  0.00039476   0.00003587   0.00035011  
  0.00032021   0.00006100   0.00028823  
  0.00046385   0.00024649   0.00053047  
  0.00038585   0.00006432   0.00038246  
  0.00048072   -0.00029005   0.00055407  
  0.00034230   -0.00002378   0.00041492  
  0.00041713   -0.00006908   0.00033625  
  0.00038449   -0.00009198   0.00034862  
  0.00055017   0.00013130   0.00037251  
  0.00307807   0.00728815   0.00602679  
  -0.00071664   -0.00005164   -0.00039055  
  -0.00017453   -0.00087267   -0.00059142  
  -0.00055007   -0.00000194   -0.00040090  
  -0.00031164   -0.00054202   -0.00014450  
  -0.00053373   -0.00004104   -0.00042495  
  0.00074258   0.00639708   -0.00500690  
  -0.00065103   0.00006820   -0.00041583  
  -0.00024124   0.00059577   -0.00089111  
  -0.00052693   0.00002311   -0.00043403  
  -0.00032531   -0.00134936   -0.00116227  
  -0.00053740   -0.00000146   -0.00040689  
  -0.00020327   -0.00045558   -0.00031621  
  -0.00054649   -0.00002969   -0.00039086  
  -0.00029857   0.00034227   -0.00045426  
  -0.00052625   0.00001468   -0.00040557  
  -0.00025781   0.00019472   -0.00032384  
  -0.00052974   0.00000881   -0.00044797  
  -0.00022146   -0.00045050   0.00001709  
  -0.00053895   0.00002045   -0.00045044  
  -0.00015650   -0.00034156   -0.00067892  
  -0.00053608   -0.00004338   -0.00045946  
  -0.00027182   0.00011870   -0.00052466  
  -0.00054046   0.00001460   -0.00046460  
  -0.00018630   0.00027217   0.00042167  
  -0.00072988   0.00008635   -0.00043813  
  -0.00029870   -0.00075066   -0.00031678  
  -0.00055098   0.00001775   -0.00040762  
  -0.00026099   -0.00050289   -0.00040009  
  -0.00053997   -0.00005573   -0.00040871  
  -0.00098724   0.00039255   -0.00088925  
  -0.00075167   -0.00005454   -0.00041248  
  -0.00112509   0.00123631   0.00119082  
  -0.00128955   0.00002886   0.00008836  
  -0.00032308   0.00008049   0.00027721  
  -0.00052147   -0.00021839   0.00047282  
  -0.00044464   -0.00025097   0.00026593  
  -0.00040816   0.00000694   0.00042260  
  -0.00159552   -0.00110315   0.00094456  
  -0.00106010   0.00021724   0.00012843  
  -0.00035954   0.00003222   0.00051622  
  -0.00078619   0.00012101   0.00028278  
  -0.00038235   0.00004027   0.00060254  
  -0.00053780   -0.00004721   0.00035280  
  -0.00048912   -0.00022981   0.00066182  
  -0.00041324   -0.00002437   0.00044398  
  -0.00046838   0.00011565   0.00063430  
  -0.00055090   -0.00000973   0.00042337  
  -0.00040065   0.00004458   0.00038706  
  -0.00049312   0.00004239   0.00041101  
  -0.00039137   -0.00003353   0.00044652  
  -0.00056793   -0.00003389   0.00040994  
  -0.00039482   -0.00001455   0.00042778  
  -0.00054767   0.00000181   0.00039579  
  -0.00036107   0.00001366   0.00035140  
  -0.00048549   -0.00000299   0.00039837  
  -0.00017955   0.00056821   0.00000837  
  -0.00066675   -0.00010148   0.00057600  
  -0.00032409   0.00007314   0.00029325  
  -0.00047541   -0.00012740   0.00045590  
  -0.00041601   -0.00021093   0.00026163  
  -0.00045348   -0.00000747   0.00040125  
  -0.00062042   -0.00051518   -0.00017141  
  -0.00045703   0.00033819   0.00075055  
  0.02663882   0.00170176   -0.00107142  
  -0.00023104   0.00007649   -0.00055091  
  0.00122096   0.00002946   -0.00036827  
  0.00017351   -0.00008624   -0.00038396  
  0.00055359   -0.00025232   -0.00041533  
  0.00031797   -0.00005075   -0.00039909  
  0.00036008   -0.00069185   -0.00023822  
  0.00028675   0.00006791   -0.00039632  
  0.00064888   0.00061675   -0.00003658  
  0.00026570   0.00004787   -0.00042490  
  0.00124283   0.00005150   -0.00019862  
  0.00011415   -0.00006484   -0.00052492  
  0.00065026   -0.00029809   -0.00038653  
  0.00030784   -0.00004727   -0.00042187  
  0.00055250   -0.00108828   0.00020183  
  0.00029794   0.00004779   -0.00043150  
  0.00051690   0.00003164   -0.00042117  
  0.00031392   0.00001636   -0.00041287  
  0.00064253   0.00004998   -0.00045495  
  0.00029699   -0.00000154   -0.00040878  
  0.00060699   -0.00056849   -0.00044227  
  0.00031003   -0.00002740   -0.00040692  
  0.00051432   0.00005555   -0.00037896  
  0.00030020   0.00000604   -0.00039599  
  0.00057245   0.00025695   -0.00066946  
  0.00023879   0.00004984   -0.00031343  
  0.00098951   0.00010402   -0.00043689  
  0.00020471   -0.00004474   -0.00031852  
  0.00059561   -0.00026811   -0.00038572  
  0.00029525   -0.00002606   -0.00037344  
  0.00009475   -0.00042189   -0.00111529  
  0.00025855   0.00000808   -0.00040240  
  -0.04150194   -0.02704555   -0.00242390  
  -0.00037885   -0.00002079   0.00039425  
  -0.00188570   0.00183205   -0.00010959  
  -0.00125621   -0.00000203   0.00036424  
  -0.00149495   0.00013215   0.00027667  
  -0.00128865   0.00002931   0.00035112  
  -0.00154461   0.00134182   0.00007671  
  -0.00127139   0.00001358   0.00034897  
  -0.00144528   -0.00061771   0.00023698  
  -0.00127487   -0.00001123   0.00034394  
  -0.00171517   0.00237162   0.00286607  
  -0.00112671   -0.00002080   0.00033660  
  -0.00153383   0.00056447   0.00039644  
  -0.00125990   0.00001830   0.00035910  
  -0.00124475   0.00065483   -0.00038239  
  -0.00122628   0.00001851   0.00032975  
  -0.00147741   -0.00014923   0.00035082  
  -0.00128051   -0.00001967   0.00037594  
  -0.00148987   0.00003038   0.00035229  
  -0.00126324   0.00000380   0.00037276  
  -0.00157837   0.00039047   0.00046799  
  -0.00124887   0.00002709   0.00036941  
  -0.00150372   0.00006544   0.00040542  
  -0.00126577   0.00000430   0.00035897  
  -0.00144945   -0.00061738   0.00035006  
  -0.00126424   -0.00001344   0.00035206  
  -0.00212214   0.00183411   -0.00099865  
  -0.00115969   -0.00007108   0.00040879  
  -0.00153843   0.00056225   0.00024440  
  -0.00126514   0.00002203   0.00035242  
  -0.00085157   0.00119354   0.00119394  
  -0.00119691   0.00006415   0.00038913  
  0.00212769   0.00007571   -0.00016878  
  0.00415723   0.00118026   -0.00026932  
  0.00135841   -0.00000021   -0.00035255  
  0.00139020   0.00035108   -0.00041335  
  0.00139854   0.00006257   -0.00033786  
  0.00128019   0.00021501   -0.00040861  
  0.00198156   -0.00012632   -0.00021669  
  0.00279587   -0.00063658   -0.00021070  
  0.00141182   -0.00001580   -0.00037636  
  0.00190804   -0.00000734   0.00011467  
  0.00144847   -0.00003785   -0.00040003  
  0.00140995   0.00034533   -0.00015718  
  0.00153918   0.00007557   -0.00042883  
  0.00130679   0.00021066   -0.00037338  
  0.00144049   0.00001557   -0.00037302  
  0.00167915   -0.00033250   0.00022110  
  0.00140450   -0.00001239   -0.00031815  
  0.00139699   0.00000538   -0.00033085  
  0.00142241   0.00004716   -0.00032954  
  0.00151522   0.00011855   -0.00033325  
  0.00138863   -0.00000094   -0.00033259  
  0.00144775   0.00002881   -0.00018279  
  0.00138536   -0.00004336   -0.00032788  
  0.00138227   -0.00000899   -0.00026186  
  0.00142949   -0.00020324   -0.00018015  
  0.00181304   0.00053975   -0.00125636  
  0.00136594   0.00000089   -0.00034610  
  0.00142412   0.00008058   -0.00028980  
  0.00141592   0.00005352   -0.00030785  
  0.00139740   0.00005740   -0.00027404  
  0.00174238   0.00023130   -0.00014569  
  0.00105742   -0.00050542   -0.00072419  
  0.00073928   -0.00098039   -0.00029433  
  0.00165806   0.00003507   0.00039499  
  0.00116652   0.00022163   0.00038985  
  0.00150630   0.00006080   0.00033150  
  0.00131018   0.00046472   0.00034656  
  0.00146049   0.00000218   0.00032578  
  0.00290811   0.00273380   -0.00296752  
  0.00154609   -0.00008143   0.00036534  
  0.00124426   -0.00011509   0.00026520  
  0.00146835   -0.00003206   0.00036407  
  0.00102900   0.00050739   0.00056910  
  0.00149298   0.00002944   0.00034234  
  0.00126660   0.00066284   -0.00008298  
  0.00149804   0.00003095   0.00032022  
  0.00126848   -0.00009403   0.00035196  
  0.00146608   -0.00002048   0.00034211  
  0.00125538   -0.00012695   0.00045051  
  0.00146743   -0.00002778   0.00030719  
  0.00109995   0.00042712   0.00027169  
  0.00150305   0.00002334   0.00031467  
  0.00120034   0.00074338   0.00077522  
  0.00149956   0.00003381   0.00032492  
  0.00125887   -0.00009005   0.00046654  
  0.00148437   -0.00002377   0.00029851  
  0.00047875   -0.00061436   0.00064092  
  0.00164392   0.00005087   0.00024168  
  0.00115206   0.00024436   0.00034293  
  0.00150757   0.00005990   0.00031167  
  0.00133695   0.00043748   0.00038217  
  0.00147204   -0.00000815   0.00031072  
  0.00316153   0.00238698   0.00277990  
  0.00156365   -0.00010184   0.00025863  
  0.00093052   -0.00008617   0.00046438  
  0.00095431   -0.00008915   -0.00026987  
  -0.00139180   -0.00028834   -0.00015446  
  -0.00106021   0.00017953   -0.00055687  
  -0.00136237   0.00006929   -0.00032309  
  -0.00135305   0.00006100   -0.00033739  
  -0.00118135   0.00033023   -0.00012951  
  -0.00150980   -0.00012352   -0.00033801  
  -0.00129121   -0.00006706   -0.00034534  
  -0.00127852   -0.00005803   -0.00040224  
  -0.00115555   -0.00065598   -0.00088927  
  -0.00054867   0.00017521   -0.00017169  
  -0.00136758   0.00008335   -0.00038275  
  -0.00135061   0.00007862   -0.00034882  
  -0.00091998   0.00068122   -0.00079626  
  -0.00152696   -0.00014845   -0.00022841  
  -0.00133446   -0.00006719   -0.00040174  
  -0.00132934   -0.00006402   -0.00030325  
  -0.00133855   0.00001897   -0.00040652  
  -0.00131537   0.00005875   -0.00028291  
  -0.00130679   0.00005365   -0.00044305  
  -0.00130029   0.00005877   -0.00040657  
  -0.00127491   0.00000209   -0.00044875  
  -0.00129601   -0.00003313   -0.00030796  
  -0.00136685   -0.00008441   -0.00019488  
  -0.00135023   -0.00008283   -0.00032580  
  -0.00137951   -0.00000874   -0.00033784  
  -0.00129208   0.00009172   -0.00042784  
  -0.00134243   0.00003546   -0.00036528  
  -0.00132079   0.00002425   -0.00029078  
  -0.00128473   0.00005957   -0.00017187  
  -0.00134238   -0.00002791   -0.00035398  

129
  -0.0080825286605076   -0.0058883554964076   0.000000000000000  
  0.00137348   0.00004070   0.00019485  
  0.00104289   -0.00003758   -0.00048622  
  0.00050907   -0.00016193   0.00051674  
  0.00057749   0.00049324   0.00021100  
  0.00047535   0.00003354   0.00043420  
  0.00038626   0.00026247   0.00039294  
  0.00059962   0.00012661   0.00040405  
  -0.00013418   0.00000149   0.00009921  
  0.00073498   -0.00000915   0.00027395  
  0.00045299   -0.00072386   0.00093948  
  0.00067350   -0.00001415   0.00037536  
  0.00137590   0.00080464   0.00079217  
  0.00050793   0.00003284   0.00047241  
  0.00040144   0.00029202   0.00034515  
  0.00074831   -0.00002718   0.00038833  
  0.00016135   -0.00011123   0.00051637  
  0.00048107   -0.00000251   0.00041647  
  0.00037753   -0.00009162   0.00052461  
  0.00049728   0.00003058   0.00043028  
  0.00044589   -0.00002900   0.00060300  
  0.00054067   0.00001220   0.00037112  
  0.00044966   0.00014618   0.00044704  
  0.00053311   -0.00004649   0.00040449  
  0.00042941   -0.00003252   0.00048900  
  0.00051986   -0.00005844   0.00055428  
  0.00036183   -0.00023729   0.00031183  
  0.00045634   -0.00006259   0.00045770  
  0.00034433   0.00028032   0.00027983  
  0.00048304   0.00001956   0.00042697  
  0.00040202   0.00007329   0.00049340  
  0.00044585   0.00008459   0.00049082  
  0.00027729   -0.00012947   0.00045727  
  -0.00393151   -0.00707597   -0.00665662  
  -0.00012099   0.00004861   -0.00045085  
  -0.00065904   0.00086855   -0.00024358  
  -0.00027469   0.00000488   -0.00044249  
  -0.00051684   0.00053968   -0.00069213  
  -0.00028846   0.00004680   -0.00041350  
  -0.00154539   -0.00648387   0.00426116  
  -0.00017660   -0.00007085   -0.00042157  
  -0.00058376   -0.00060260   0.00005026  
  -0.00030221   -0.00003327   -0.00040361  
  -0.00050406   0.00135886   0.00032661  
  -0.00029116   0.00001185   -0.00042242  
  -0.00063407   0.00043946   -0.00051350  
  -0.00028164   0.00003171   -0.00044248  
  -0.00053085   -0.00033750   -0.00038344  
  -0.00029791   -0.00001180   -0.00043551  
  -0.00057794   -0.00019112   -0.00051478  
  -0.00029476   -0.00000336   -0.00039586  
  -0.00061187   0.00044606   -0.00084474  
  -0.00028596   -0.00002218   -0.00039392  
  -0.00067915   0.00033392   -0.00015178  
  -0.00028981   0.00003935   -0.00037754  
  -0.00055734   -0.00012291   -0.00031098  
  -0.00028330   -0.00002246   -0.00036464  
  -0.00065331   -0.00025578   -0.00126069  
  -0.00010286   -0.00009265   -0.00039407  
  -0.00053433   0.00074332   -0.00050961  
  -0.00027771   -0.00001351   -0.00042174  
  -0.00057239   0.00050958   -0.00043586  
  -0.00028428   0.00006044   -0.00041772  
  0.00017768   -0.00040919   0.00004185  
  -0.00007386   0.00004984   -0.00041785  
  0.00031154   -0.00125861   -0.00038553  
  0.00045181   -0.00003402   0.00071592  
  -0.00050310   -0.00007595   0.00053606  
  -0.00029515   0.00022493   0.00033160  
  -0.00039058   0.00025753   0.00055501  
  -0.00042270   -0.00000278   0.00038942  
  0.00076742   0.00112249   -0.00013888  
  0.00024195   -0.00021189   0.00068103  
  -0.00048158   -0.00003119   0.00030247  
  -0.00004050   -0.00012179   0.00052157  
  -0.00045027   -0.00002962   0.00021344  
  -0.00028292   0.00005201   0.00045485  
  -0.00033388   0.00023444   0.00015556  
  -0.00040879   0.00002057   0.00035904  
  -0.00037112   -0.00011926   0.00017972  
  -0.00026882   0.00001452   0.00038178  
  -0.00042997   -0.00004033   0.00042706  
  -0.00032700   -0.00003786   0.00038833  
  -0.00043373   0.00002913   0.00036443  
  -0.00024960   0.00002819   0.00039621  
  -0.00044290   0.00001272   0.00038155  
  -0.00026729   0.00000008   0.00041430  
  -0.00046939   -0.00001320   0.00046071  
  -0.00033543   -0.00000507   0.00040718  
  -0.00065586   -0.00056733   0.00080083  
  -0.00015911   0.00010511   0.00022542  
  -0.00050571   -0.00006894   0.00051627  
  -0.00034981   0.00013524   0.00035051  
  -0.00041121   0.00022239   0.00055900  
  -0.00036738   0.00001253   0.00040877  
  -0.00021211   0.00050999   0.00098891  
  -0.00036575   -0.00034562   0.00006675  
  -0.02690038   -0.00162137   0.00014022  
  0.00104704   -0.00007693   -0.00025335  
  -0.00039105   -0.00002712   -0.00044282  
  0.00065062   0.00007733   -0.00040946  
  0.00027240   0.00025036   -0.00039302  
  0.00050335   0.00004982   -0.00039367  
  0.00046581   0.00068538   -0.00056961  
  0.00053857   -0.00006542   -0.00041027  
  0.00017975   -0.00061804   -0.00077700  
  0.00055851   -0.00004787   -0.00038338  
  -0.00042449   -0.00003832   -0.00061559  
  0.00069487   0.00005763   -0.00028272  
  0.00017763   0.00029480   -0.00042839  
  0.00051321   0.00004604   -0.00038266  
  0.00026082   0.00108645   -0.00101965  
  0.00052286   -0.00004806   -0.00037560  
  0.00031297   -0.00004047   -0.00039176  
  0.00050300   -0.00002162   -0.00039447  
  0.00018450   -0.00004413   -0.00035459  
  0.00052982   0.00000060   -0.00040229  
  0.00021665   0.00057552   -0.00037072  
  0.00051557   0.00002843   -0.00040256  
  0.00031653   -0.00006672   -0.00043812  
  0.00052508   -0.00001570   -0.00041142  
  0.00025021   -0.00025791   -0.00013791  
  0.00058202   -0.00005414   -0.00047268  
  -0.00016086   -0.00010124   -0.00036451  
  0.00061114   0.00004341   -0.00047384  
  0.00023515   0.00026997   -0.00042255  
  0.00052476   0.00003394   -0.00042851  
  0.00073707   0.00042567   0.00031111  
  0.00056878   -0.00001780   -0.00041001  
  0.03972328   0.02685483   0.00297829  
  -0.00235928   0.00001496   0.00029160  
  -0.00083955   -0.00180064   0.00080067  
  -0.00147222   0.00000657   0.00032009  
  -0.00122587   -0.00010911   0.00041149  
  -0.00145440   -0.00001868   0.00032482  
  -0.00117508   -0.00135195   0.00062802  
  -0.00146448   -0.00001430   0.00034063  
  -0.00128732   0.00061042   0.00045245  
  -0.00147131   0.00000995   0.00034133  
  -0.00100290   -0.00237877   -0.00218163  
  -0.00159743   0.00003330   0.00034512  
  -0.00119065   -0.00054650   0.00030353  
  -0.00146529   -0.00001108   0.00032071  
  -0.00147675   -0.00062314   0.00105439  
  -0.00150965   -0.00002451   0.00036660  
  -0.00126035   0.00013170   0.00032607  
  -0.00145328   0.00001958   0.00031443  
  -0.00123837   -0.00003418   0.00034380  
  -0.00146137   0.00000421   0.00032046  
  -0.00114304   -0.00038259   0.00021838  
  -0.00146777   -0.00000712   0.00032500  
  -0.00122221   -0.00004476   0.00027924  
  -0.00146223   0.00000042   0.00032040  
  -0.00128831   0.00060622   0.00032066  
  -0.00146420   0.00000621   0.00033208  
  -0.00061425   -0.00182380   0.00165447  
  -0.00157681   0.00006638   0.00025872  
  -0.00119541   -0.00055069   0.00043850  
  -0.00147483   -0.00000706   0.00032973  
  -0.00187122   -0.00117331   -0.00050980  
  -0.00154491   -0.00006009   0.00029354  
  0.00058878   -0.00009364   -0.00052161  
  -0.00133935   -0.00116829   -0.00039164  
  0.00136732   0.00000763   -0.00032777  
  0.00136158   -0.00034696   -0.00027913  
  0.00132327   -0.00005665   -0.00034719  
  0.00145615   -0.00021136   -0.00026051  
  0.00074386   0.00011455   -0.00047818  
  -0.00005914   0.00063374   -0.00047855  
  0.00130877   0.00001266   -0.00029509  
  0.00082296   0.00000663   -0.00080426  
  0.00127051   0.00005200   -0.00028732  
  0.00132476   -0.00034711   -0.00052310  
  0.00118554   -0.00008047   -0.00026377  
  0.00142742   -0.00020429   -0.00031483  
  0.00128552   -0.00002835   -0.00030769  
  0.00105267   0.00031103   -0.00090571  
  0.00131928   0.00000240   -0.00036725  
  0.00132074   -0.00002061   -0.00035168  
  0.00130375   -0.00003618   -0.00034913  
  0.00119818   -0.00011543   -0.00035817  
  0.00133890   0.00000365   -0.00034006  
  0.00127368   -0.00002186   -0.00050227  
  0.00134152   0.00002891   -0.00036400  
  0.00133798   0.00000227   -0.00042247  
  0.00129292   0.00018752   -0.00050644  
  0.00090317   -0.00055189   0.00057813  
  0.00134125   0.00001407   -0.00035450  
  0.00130946   -0.00008191   -0.00039316  
  0.00130918   -0.00005180   -0.00039286  
  0.00132812   -0.00005562   -0.00041128  
  0.00097823   -0.00024373   -0.00055952  
  0.00167580   0.00049789   0.00004419  
  0.00201875   0.00094175   0.00096764  
  0.00107097   -0.00003776   0.00029071  
  0.00156877   -0.00021008   0.00029084  
  0.00121375   -0.00004179   0.00034689  
  0.00142613   -0.00044475   0.00034630  
  0.00126121   0.00000375   0.00035305  
  -0.00017955   -0.00277328   0.00370615  
  0.00117732   0.00007281   0.00032489  
  0.00150194   0.00011418   0.00042136  
  0.00124861   0.00003322   0.00032489  
  0.00170612   -0.00050770   0.00011579  
  0.00122392   -0.00002638   0.00032531  
  0.00147744   -0.00065562   0.00076788  
  0.00122284   -0.00001090   0.00036051  
  0.00147672   0.00010944   0.00035033  
  0.00125040   0.00000738   0.00034757  
  0.00149848   0.00012091   0.00023344  
  0.00126061   0.00001447   0.00036129  
  0.00165541   -0.00041747   0.00041182  
  0.00122288   -0.00002053   0.00036505  
  0.00153140   -0.00074421   -0.00009715  
  0.00123010   -0.00001868   0.00035156  
  0.00147953   0.00009117   0.00020786  
  0.00124996   0.00002488   0.00037096  
  0.00228476   0.00059120   0.00006072  
  0.00108309   -0.00005870   0.00042565  
  0.00158995   -0.00022748   0.00032422  
  0.00122323   -0.00005360   0.00036773  
  0.00142323   -0.00042861   0.00029525  
  0.00126262   0.00000662   0.00036730  
  -0.00044697   -0.00240431   -0.00212984  
  0.00116552   0.00008745   0.00042106  
  -0.00367400   0.00007770   -0.00115314  
  -0.00365079   0.00006923   -0.00040446  
  -0.00132704   0.00028001   -0.00052703  
  -0.00166416   -0.00017093   -0.00012251  
  -0.00137943   -0.00005613   -0.00038109  
  -0.00137467   -0.00006265   -0.00034432  
  -0.00156153   -0.00033364   -0.00057333  
  -0.00122299   0.00013518   -0.00034246  
  -0.00145746   0.00004369   -0.00034593  
  -0.00145095   0.00004841   -0.00028464  
  -0.00158680   0.00065215   0.00021136  
  -0.00218938   -0.00017571   -0.00051027  
  -0.00139338   -0.00006934   -0.00029922  
  -0.00137655   -0.00007538   -0.00032966  
  -0.00182417   -0.00068763   0.00011947  
  -0.00122176   0.00014424   -0.00045902  
  -0.00138602   0.00005361   -0.00027679  
  -0.00138251   0.00005556   -0.00038654  
  -0.00138400   -0.00002601   -0.00027531  
  -0.00141721   -0.00006326   -0.00039591  
  -0.00144085   -0.00004593   -0.00023698  
  -0.00143741   -0.00003802   -0.00028270  
  -0.00146108   -0.00000570   -0.00024195  
  -0.00142707   0.00003774   -0.00037390  
  -0.00136192   0.00007254   -0.00050611  
  -0.00135029   0.00007355   -0.00034925  
  -0.00136266   0.00000316   -0.00036888  
  -0.00141947   -0.00008921   -0.00024073  
  -0.00141212   -0.00001470   -0.00033683  
  -0.00139726   -0.00002289   -0.00038196  
  -0.00145016   -0.00006822   -0.00050664  
  -0.00137344   0.00003585   -0.00031924  

129
  0.0000000000000000   0.0000000000000000   0.010000000000000  
  0.00033915   0.00000000   0.00035309  
  -0.00068052   0.00000000   0.00126106  
  0.00033803   0.00003405   0.00049475  
  0.00092464   0.00040799   0.00082221  
  0.00038797   0.00000000   0.00043673  
  0.00048877   0.00000000   0.00053828  
  0.00033803   -0.00003405   0.00049475  
  0.00092464   -0.00040799   0.00082221  
  0.00038397   0.00000000   0.00049549  
  0.00019201   0.00000000   0.00119738  
  0.00045171   0.00003243   0.00045794  
  -0.00052264   -0.00049715   0.00037837  
  0.00039694   0.00000000   0.00045606  
  0.00037233   0.00000000   0.00074006  
  0.00045171   -0.00003243   0.00045794  
  -0.00052264   0.00049715   0.00037837  
  0.00043063   0.00000000   0.00035675  
  0.00035738   0.00000000   0.00014410  
  0.00044132   0.00001208   0.00036962  
  0.00026675   0.00004964   0.00015048  
  0.00036668   0.00000000   0.00039530  
  0.00018089   0.00000000   0.00018397  
  0.00044132   -0.00001208   0.00036962  
  0.00026675   -0.00004964   0.00015048  
  0.00038321   0.00000000   0.00033195  
  0.00048011   0.00000000   -0.00002435  
  0.00039710   0.00002433   0.00036957  
  0.00046699   0.00032949   0.00013237  
  0.00046627   0.00000000   0.00038934  
  0.00051799   0.00000000   0.00028660  
  0.00039710   -0.00002433   0.00036957  
  0.00046699   -0.00032949   0.00013237  
  0.00225026   0.01004662   0.01438384  
  -0.00048101   0.00000495   -0.00035255  
  -0.00030552   -0.00022398   -0.00006425  
  -0.00044289   -0.00000349   -0.00037649  
  -0.00030552   0.00022398   -0.00006425  
  -0.00044289   0.00000349   -0.00037649  
  0.00225026   -0.01004662   0.01438384  
  -0.00048101   -0.00000495   -0.00035255  
  -0.00036370   0.00028382   -0.00131187  
  -0.00041829   0.00001210   -0.00043975  
  -0.00048966   -0.00101286   -0.00135073  
  -0.00041296   -0.00000503   -0.00043937  
  -0.00048966   0.00101286   -0.00135073  
  -0.00041296   0.00000503   -0.00043937  
  -0.00036370   -0.00028382   -0.00131187  
  -0.00041829   -0.00001210   -0.00043975  
  -0.00037633   -0.00017726   -0.00097084  
  -0.00041032   -0.00000426   -0.00046927  
  -0.00032101   0.00055799   -0.00133491  
  -0.00041991   0.00000889   -0.00045408  
  -0.00032101   -0.00055799   -0.00133491  
  -0.00041991   -0.00000889   -0.00045408  
  -0.00037633   0.00017726   -0.00097084  
  -0.00041032   0.00000426   -0.00046927  
  -0.00049275   0.00084329   -0.00133566  
  -0.00044519   0.00001010   -0.00039870  
  -0.00042883   0.00026999   0.00042621  
  -0.00044575   0.00003718   -0.00039214  
  -0.00042883   -0.00026999   0.00042621  
  -0.00044575   -0.00003718   -0.00039214  
  -0.00049275   -0.00084329   -0.00133566  
  -0.00044519   -0.00001010   -0.00039870  
  -0.00025248   0.00001505   0.00082353  
  -0.00043216   0.00015317   0.00063520  
  -0.00041482   -0.00000045   0.00053164  
  -0.00040548   -0.00007575   0.00052814  
  -0.00041482   0.00000045   0.00053164  
  -0.00040548   0.00007575   0.00052814  
  -0.00025248   -0.00001505   0.00082353  
  -0.00043216   -0.00015317   0.00063520  
  -0.00023562   0.00005899   0.00033527  
  -0.00078577   0.00010616   0.00037821  
  -0.00029262   -0.00010778   0.00038927  
  -0.00056596   -0.00003296   0.00039713  
  -0.00029262   0.00010778   0.00038927  
  -0.00056596   0.00003296   0.00039713  
  -0.00023562   -0.00005899   0.00033527  
  -0.00078577   -0.00010616   0.00037821  
  -0.00039724   0.00001699   0.00026482  
  -0.00044888   0.00003449   0.00024857  
  -0.00040174   0.00005839   0.00029833  
  -0.00051426   0.00009165   0.00031685  
  -0.00040174   -0.00005839   0.00029833  
  -0.00051426   -0.00009165   0.00031685  
  -0.00039724   -0.00001699   0.00026482  
  -0.00044888   -0.00003449   0.00024857  
  -0.00083494   -0.00002742   0.00020537  
  -0.00011134   -0.00003612   0.00052687  
  -0.00043553   0.00015381   0.00032899  
  -0.00041346   0.00010367   0.00035717  
  -0.00043553   -0.00015381   0.00032899  
  -0.00041346   -0.00010367   0.00035717  
  -0.00083494   0.00002742   0.00020537  
  -0.00011134   0.00003612   0.00052687  
  -0.00083060   0.00000000   0.00178588  
  0.00052436   -0.00000000   -0.00021207  
  0.00060812   0.00049156   0.00041577  
  0.00041025   0.00003470   -0.00028343  
  0.00047847   -0.00000000   -0.00023582  
  0.00038994   -0.00000000   -0.00035302  
  0.00060812   -0.00049156   0.00041577  
  0.00041025   -0.00003470   -0.00028343  
  0.00091526   -0.00000000   -0.00099775  
  0.00033945   -0.00000000   -0.00035453  
  0.00091468   -0.00062633   -0.00080994  
  0.00027268   -0.00000877   -0.00042803  
  0.00059346   -0.00000000   -0.00043468  
  0.00037721   -0.00000000   -0.00040424  
  0.00091468   0.00062633   -0.00080994  
  0.00027268   0.00000877   -0.00042803  
  0.00039062   -0.00000000   -0.00067977  
  0.00037255   -0.00000000   -0.00048477  
  0.00039556   -0.00000515   -0.00082816  
  0.00037281   0.00000271   -0.00047513  
  0.00029935   -0.00000000   -0.00121940  
  0.00037422   -0.00000000   -0.00046636  
  0.00039556   0.00000515   -0.00082816  
  0.00037281   -0.00000271   -0.00047513  
  0.00008790   -0.00000000   -0.00098417  
  0.00049274   -0.00000000   -0.00044088  
  -0.00039486   0.00027148   -0.00104168  
  0.00044454   0.00006076   -0.00043898  
  0.00027618   -0.00000000   -0.00016111  
  0.00039098   -0.00000000   -0.00038728  
  -0.00039486   -0.00027148   -0.00104168  
  0.00044454   -0.00006076   -0.00043898  
  -0.00480554   -0.00000000   -0.04484198  
  -0.00129216   0.00000000   0.00027576  
  -0.00181431   0.00015445   -0.00134623  
  -0.00134319   -0.00000675   0.00030583  
  -0.00145743   0.00000000   -0.00000500  
  -0.00135549   0.00000000   0.00029751  
  -0.00181431   -0.00015445   -0.00134623  
  -0.00134319   0.00000675   0.00030583  
  -0.00133926   0.00000000   0.00052975  
  -0.00133665   0.00000000   0.00035054  
  -0.00164195   0.00185102   0.00268806  
  -0.00128157   -0.00000985   0.00034292  
  -0.00147648   0.00000000   0.00032911  
  -0.00135045   0.00000000   0.00036023  
  -0.00164195   -0.00185102   0.00268806  
  -0.00128157   0.00000985   0.00034292  
  -0.00133944   0.00000000   0.00045762  
  -0.00130963   0.00000000   0.00039334  
  -0.00130849   0.00005202   0.00072264  
  -0.00132728   0.00000447   0.00038245  
  -0.00118722   0.00000000   0.00093493  
  -0.00132320   0.00000000   0.00039330  
  -0.00130849   -0.00005202   0.00072264  
  -0.00132728   -0.00000447   0.00038245  
  -0.00151451   0.00000000   0.00048793  
  -0.00135572   0.00000000   0.00035609  
  -0.00025531   -0.00272965   0.00268129  
  -0.00136561   -0.00000311   0.00034355  
  -0.00130254   0.00000000   0.00034445  
  -0.00133054   0.00000000   0.00034829  
  -0.00025531   0.00272965   0.00268129  
  -0.00136561   0.00000311   0.00034355  
  0.00155569   0.00004271   -0.00036807  
  0.00148265   -0.00006566   -0.00069574  
  0.00135364   -0.00001063   -0.00039588  
  0.00127464   0.00001327   -0.00073001  
  0.00135364   0.00001063   -0.00039588  
  0.00127464   -0.00001327   -0.00073001  
  0.00155569   -0.00004271   -0.00036807  
  0.00148265   0.00006566   -0.00069574  
  0.00131671   -0.00000295   -0.00034747  
  0.00198149   -0.00007866   0.00001727  
  0.00127794   0.00002323   -0.00032819  
  0.00145261   0.00018871   -0.00010246  
  0.00127794   -0.00002323   -0.00032819  
  0.00145261   -0.00018871   -0.00010246  
  0.00131671   0.00000295   -0.00034747  
  0.00198149   0.00007866   0.00001727  
  0.00138457   0.00000516   -0.00026850  
  0.00141745   -0.00005561   -0.00005272  
  0.00136250   0.00000861   -0.00030822  
  0.00146558   -0.00011606   0.00011005  
  0.00136250   -0.00000861   -0.00030822  
  0.00146558   0.00011606   0.00011005  
  0.00138457   -0.00000516   -0.00026850  
  0.00141745   0.00005561   -0.00005272  
  0.00159245   -0.00003305   -0.00031857  
  0.00055033   -0.00044285   0.00053109  
  0.00138877   -0.00002554   -0.00027746  
  0.00143282   0.00000179   -0.00036568  
  0.00138877   0.00002554   -0.00027746  
  0.00143282   -0.00000179   -0.00036568  
  0.00159245   0.00003305   -0.00031857  
  0.00055033   0.00044285   0.00053109  
  -0.00034177   0.00184190   0.00187195  
  0.00146400   0.00002090   0.00027395  
  0.00133005   0.00003478   0.00011141  
  0.00139942   0.00000758   0.00030602  
  0.00133005   -0.00003478   0.00011141  
  0.00139942   -0.00000758   0.00030602  
  -0.00034177   -0.00184190   0.00187195  
  0.00146400   -0.00002090   0.00027395  
  0.00120703   0.00001480   0.00074694  
  0.00138459   0.00000210   0.00039089  
  0.00113143   0.00043615   0.00120649  
  0.00138253   0.00001696   0.00038354  
  0.00113143   -0.00043615   0.00120649  
  0.00138253   -0.00001696   0.00038354  
  0.00120703   -0.00001480   0.00074694  
  0.00138459   -0.00000210   0.00039089  
  0.00139231   0.00007489   0.00075766  
  0.00134679   -0.00001095   0.00037785  
  0.00147931   -0.00054973   0.00121351  
  0.00136197   -0.00001673   0.00037503  
  0.00147931   0.00054973   0.00121351  
  0.00136197   0.00001673   0.00037503  
  0.00139231   -0.00007489   0.00075766  
  0.00134679   0.00001095   0.00037785  
  0.00379925   -0.00228976   0.00187266  
  0.00130468   -0.00002623   0.00027217  
  0.00132651   -0.00003819   0.00011116  
  0.00137590   0.00000286   0.00031120  
  0.00132651   0.00003819   0.00011116  
  0.00137590   -0.00000286   0.00031120  
  0.00379925   0.00228976   0.00187266  
  0.00130468   0.00002623   0.00027217  
  -0.00140108   -0.00000000   -0.00059377  
  -0.00234929   -0.00000000   -0.00058263  
  -0.00121027   -0.00018760   -0.00028002  
  -0.00160688   -0.00002063   -0.00027743  
  -0.00135544   -0.00000000   -0.00039002  
  -0.00140572   -0.00000000   -0.00038246  
  -0.00121027   0.00018760   -0.00028002  
  -0.00160688   0.00002063   -0.00027743  
  -0.00128134   -0.00000000   -0.00045839  
  -0.00136054   -0.00000000   -0.00046853  
  -0.00152742   0.00005821   -0.00044470  
  -0.00073864   -0.00007167   -0.00044613  
  -0.00134078   -0.00000000   -0.00043486  
  -0.00131664   -0.00000000   -0.00043322  
  -0.00152742   -0.00005821   -0.00044470  
  -0.00073864   0.00007167   -0.00044613  
  -0.00140719   -0.00000000   -0.00023420  
  -0.00127686   -0.00000000   -0.00022687  
  -0.00140997   0.00002511   -0.00026977  
  -0.00125503   0.00004115   -0.00026395  
  -0.00128862   -0.00000000   -0.00021446  
  -0.00124004   -0.00000000   -0.00021309  
  -0.00140997   -0.00002511   -0.00026977  
  -0.00125503   -0.00004115   -0.00026395  
  -0.00136699   -0.00000000   -0.00014988  
  -0.00154291   -0.00000000   -0.00015847  
  -0.00129326   -0.00006468   -0.00016506  
  -0.00147208   -0.00011632   -0.00017082  
  -0.00142533   -0.00000000   -0.00024336  
  -0.00134900   -0.00000000   -0.00024968  
  -0.00129326   0.00006468   -0.00016506  
  -0.00147208   0.00011632   -0.00017082  

129
  0.0000000000000000   -0.0000000000000000   -0.010000000000000  
  0.00046699   0.00000000   0.00047289  
  0.00154186   -0.00000000   -0.00041623  
  0.00048874   -0.00002726   0.00033814  
  -0.00011336   -0.00040872   0.00001185  
  0.00044127   0.00000000   0.00040388  
  0.00033498   0.00000000   0.00030037  
  0.00048874   0.00002726   0.00033814  
  -0.00011336   0.00040872   0.00001185  
  0.00042754   0.00000000   0.00033434  
  0.00064038   -0.00000000   -0.00037562  
  0.00036477   -0.00003073   0.00037298  
  0.00135219   0.00049392   0.00044684  
  0.00042508   0.00000000   0.00036541  
  0.00046390   0.00000000   0.00009107  
  0.00036477   0.00003073   0.00037298  
  0.00135219   -0.00049392   0.00044684  
  0.00037544   0.00000000   0.00046110  
  0.00045759   0.00000000   0.00067954  
  0.00037204   -0.00001059   0.00045718  
  0.00055978   -0.00005198   0.00068332  
  0.00045102   0.00000000   0.00043948  
  0.00065482   0.00000000   0.00065266  
  0.00037204   0.00001059   0.00045718  
  0.00055978   0.00005198   0.00068332  
  0.00044331   0.00000000   0.00049432  
  0.00033120   0.00000000   0.00086319  
  0.00042560   -0.00002694   0.00045658  
  0.00035495   -0.00033250   0.00070200  
  0.00036446   0.00000000   0.00043960  
  0.00030649   0.00000000   0.00055297  
  0.00042560   0.00002694   0.00045658  
  0.00035495   0.00033250   0.00070200  
  -0.00299944   -0.00955200   -0.01484536  
  -0.00034478   -0.00000944   -0.00047674  
  -0.00051808   0.00022602   -0.00078003  
  -0.00039190   -0.00000055   -0.00045194  
  -0.00051808   -0.00022602   -0.00078003  
  -0.00039190   0.00000055   -0.00045194  
  -0.00299944   0.00955200   -0.01484536  
  -0.00034478   0.00000944   -0.00047674  
  -0.00045077   -0.00029061   0.00048408  
  -0.00039531   -0.00001243   -0.00038821  
  -0.00034480   0.00101778   0.00051569  
  -0.00041138   0.00000688   -0.00039872  
  -0.00034480   -0.00101778   0.00051569  
  -0.00041138   -0.00000688   -0.00039872  
  -0.00045077   0.00029061   0.00048408  
  -0.00039531   0.00001243   -0.00038821  
  -0.00043305   0.00017885   0.00015150  
  -0.00040430   0.00000402   -0.00036438  
  -0.00050676   -0.00056901   0.00052061  
  -0.00040436   -0.00000516   -0.00038457  
  -0.00050676   0.00056901   0.00052061  
  -0.00040436   0.00000516   -0.00038457  
  -0.00043305   -0.00017885   0.00015150  
  -0.00040430   -0.00000402   -0.00036438  
  -0.00030205   -0.00078786   0.00045783  
  -0.00038039   0.00000169   -0.00042731  
  -0.00040228   -0.00027248   -0.00126868  
  -0.00039620   -0.00002975   -0.00044901  
  -0.00040228   0.00027248   -0.00126868  
  -0.00039620   0.00002975   -0.00044901  
  -0.00030205   0.00078786   0.00045783  
  -0.00038039   -0.00000169   -0.00042731  
  -0.00056429   0.00000004   -0.00002416  
  -0.00039766   -0.00015214   0.00017184  
  -0.00040725   0.00000046   0.00027769  
  -0.00043493   0.00007473   0.00028805  
  -0.00040725   -0.00000046   0.00027769  
  -0.00043493   -0.00007473   0.00028805  
  -0.00056429   -0.00000004   -0.00002416  
  -0.00039766   0.00015214   0.00017184  
  -0.00056887   -0.00006041   0.00046386  
  -0.00002540   -0.00010894   0.00042181  
  -0.00052236   0.00010930   0.00041791  
  -0.00026124   0.00003632   0.00040682  
  -0.00052236   -0.00010930   0.00041791  
  -0.00026124   -0.00003632   0.00040682  
  -0.00056887   0.00006041   0.00046386  
  -0.00002540   0.00010894   0.00042181  
  -0.00040426   -0.00001504   0.00053423  
  -0.00037030   -0.00003892   0.00055804  
  -0.00041561   -0.00005642   0.00050455  
  -0.00030802   -0.00009018   0.00049304  
  -0.00041561   0.00005642   0.00050455  
  -0.00030802   0.00009018   0.00049304  
  -0.00040426   0.00001504   0.00053423  
  -0.00037030   0.00003892   0.00055804  
  0.00003215   0.00003779   0.00058404  
  -0.00070264   0.00004778   0.00026694  
  -0.00037824   -0.00015430   0.00047949  
  -0.00040563   -0.00010225   0.00045180  
  -0.00037824   0.00015430   0.00047949  
  -0.00040563   0.00010225   0.00045180  
  0.00003215   -0.00003779   0.00058404  
  -0.00070264   -0.00004778   0.00026694  
  0.00167346   -0.00000000   -0.00259580  
  0.00028537   -0.00000000   -0.00058656  
  0.00021109   -0.00047923   -0.00122130  
  0.00040385   -0.00002925   -0.00051927  
  0.00035606   -0.00000000   -0.00058123  
  0.00043506   -0.00000000   -0.00046019  
  0.00021109   0.00047923   -0.00122130  
  0.00040385   0.00002925   -0.00051927  
  -0.00009937   0.00000000   0.00019615  
  0.00046469   -0.00000000   -0.00044248  
  -0.00010756   0.00062532   0.00000249  
  0.00054501   0.00001492   -0.00037739  
  0.00023437   -0.00000000   -0.00036419  
  0.00044047   -0.00000000   -0.00040931  
  -0.00010756   -0.00062532   0.00000249  
  0.00054501   -0.00001492   -0.00037739  
  0.00041346   -0.00000000   -0.00011829  
  0.00043689   -0.00000000   -0.00031900  
  0.00042254   0.00001040   0.00002229  
  0.00043801   -0.00000091   -0.00033201  
  0.00052215   0.00000000   0.00040750  
  0.00044402   -0.00000000   -0.00033714  
  0.00042254   -0.00001040   0.00002229  
  0.00043801   0.00000091   -0.00033201  
  0.00072897   0.00000000   0.00018942  
  0.00030273   -0.00000000   -0.00034805  
  0.00122795   -0.00026121   0.00024363  
  0.00036972   -0.00005754   -0.00035732  
  0.00056234   -0.00000000   -0.00064904  
  0.00043134   -0.00000000   -0.00041841  
  0.00122795   0.00026121   0.00024363  
  0.00036972   0.00005754   -0.00035732  
  0.00187342   0.00000000   0.04500878  
  -0.00142067   0.00000000   0.00038234  
  -0.00091757   -0.00015735   0.00203143  
  -0.00137765   0.00002174   0.00036430  
  -0.00128749   0.00000000   0.00071646  
  -0.00138760   0.00000000   0.00037891  
  -0.00091757   0.00015735   0.00203143  
  -0.00137765   -0.00002174   0.00036430  
  -0.00137971   0.00000000   0.00019058  
  -0.00137125   0.00000000   0.00032409  
  -0.00106648   -0.00185525   -0.00201987  
  -0.00143973   0.00003720   0.00034512  
  -0.00124619   0.00000000   0.00033758  
  -0.00138047   0.00000000   0.00035641  
  -0.00106648   0.00185525   -0.00201987  
  -0.00143973   -0.00003720   0.00034512  
  -0.00138834   0.00000000   0.00020587  
  -0.00138858   0.00000000   0.00029198  
  -0.00140868   -0.00005448   -0.00003592  
  -0.00138434   0.00001409   0.00030684  
  -0.00151471   -0.00000000   -0.00026693  
  -0.00137912   0.00000000   0.00029445  
  -0.00140868   0.00005448   -0.00003592  
  -0.00138434   -0.00001409   0.00030684  
  -0.00125174   0.00000000   0.00014824  
  -0.00136688   0.00000000   0.00032676  
  -0.00249884   0.00277124   -0.00203407  
  -0.00134335   0.00002017   0.00034460  
  -0.00142979   0.00000000   0.00035116  
  -0.00138378   0.00000000   0.00034614  
  -0.00249884   -0.00277124   -0.00203407  
  -0.00134335   -0.00002017   0.00034460  
  0.00117906   -0.00003363   -0.00030899  
  0.00125746   0.00005532   0.00001831  
  0.00135983   0.00001636   -0.00029503  
  0.00147223   -0.00000548   0.00003780  
  0.00135983   -0.00001636   -0.00029503  
  0.00147223   0.00000548   0.00003780  
  0.00117906   0.00003363   -0.00030899  
  0.00125746   -0.00005532   0.00001831  
  0.00140761   0.00001000   -0.00032978  
  0.00072845   0.00009054   -0.00070607  
  0.00144948   -0.00002331   -0.00034383  
  0.00127310   -0.00017997   -0.00058246  
  0.00144948   0.00002331   -0.00034383  
  0.00127310   0.00017997   -0.00058246  
  0.00140761   -0.00001000   -0.00032978  
  0.00072845   -0.00009054   -0.00070607  
  0.00133295   -0.00000400   -0.00039031  
  0.00130764   0.00005951   -0.00063275  
  0.00134335   -0.00000338   -0.00036475  
  0.00125489   0.00013010   -0.00079827  
  0.00134335   0.00000338   -0.00036475  
  0.00125489   -0.00013010   -0.00079827  
  0.00133295   0.00000400   -0.00039031  
  0.00130764   -0.00005951   -0.00063275  
  0.00113526   0.00003954   -0.00037027  
  0.00217193   0.00046277   -0.00120485  
  0.00132896   0.00003633   -0.00040566  
  0.00130325   0.00002570   -0.00031995  
  0.00132896   -0.00003633   -0.00040566  
  0.00130325   -0.00002570   -0.00031995  
  0.00113526   -0.00003954   -0.00037027  
  0.00217193   -0.00046277   -0.00120485  
  0.00305247   -0.00183321   -0.00120001  
  0.00126048   0.00000153   0.00040386  
  0.00138875   -0.00003394   0.00056747  
  0.00133973   0.00000480   0.00038262  
  0.00138875   0.00003394   0.00056747  
  0.00133973   -0.00000480   0.00038262  
  0.00305247   0.00183321   -0.00120001  
  0.00126048   -0.00000153   0.00040386  
  0.00150347   -0.00002331   -0.00006217  
  0.00132071   0.00001467   0.00029921  
  0.00158241   -0.00042895   -0.00052333  
  0.00135476   -0.00000672   0.00030343  
  0.00158241   0.00042895   -0.00052333  
  0.00135476   0.00000672   0.00030343  
  0.00150347   0.00002331   -0.00006217  
  0.00132071   -0.00001467   0.00029921  
  0.00130069   -0.00006674   -0.00005882  
  0.00138240   0.00002296   0.00028951  
  0.00123305   0.00055346   -0.00051982  
  0.00136567   0.00003197   0.00029803  
  0.00123305   -0.00055346   -0.00051982  
  0.00136567   -0.00003197   0.00029803  
  0.00130069   0.00006674   -0.00005882  
  0.00138240   -0.00002296   0.00028951  
  -0.00110765   0.00230239   -0.00119826  
  0.00140024   0.00002708   0.00040269  
  0.00138814   0.00003913   0.00056534  
  0.00135662   0.00001150   0.00038921  
  0.00138814   -0.00003913   0.00056534  
  0.00135662   -0.00001150   0.00038921  
  -0.00110765   -0.00230239   -0.00119826  
  0.00140024   -0.00002708   0.00040269  
  -0.00125489   -0.00000000   -0.00009448  
  -0.00034504   -0.00000000   -0.00008647  
  -0.00149695   0.00018469   -0.00040694  
  -0.00110755   0.00003769   -0.00040771  
  -0.00136830   -0.00000000   -0.00031468  
  -0.00133325   -0.00000000   -0.00030961  
  -0.00149695   -0.00018469   -0.00040694  
  -0.00110755   -0.00003769   -0.00040771  
  -0.00143752   -0.00000000   -0.00022869  
  -0.00136269   -0.00000000   -0.00024318  
  -0.00118781   -0.00004211   -0.00023964  
  -0.00198485   0.00008029   -0.00024724  
  -0.00137942   -0.00000000   -0.00024992  
  -0.00141389   -0.00000000   -0.00025948  
  -0.00118781   0.00004211   -0.00023964  
  -0.00198485   -0.00008029   -0.00024724  
  -0.00131185   -0.00000000   -0.00043980  
  -0.00142749   -0.00000000   -0.00043725  
  -0.00131212   -0.00001663   -0.00041942  
  -0.00145894   -0.00002965   -0.00041798  
  -0.00145106   -0.00000000   -0.00046738  
  -0.00148412   -0.00000000   -0.00047040  
  -0.00131212   0.00001663   -0.00041942  
  -0.00145894   0.00002965   -0.00041798  
  -0.00134344   -0.00000000   -0.00052611  
  -0.00115602   -0.00000000   -0.00053127  
  -0.00143860   0.00006048   -0.00050902  
  -0.00124366   0.00013681   -0.00051127  
  -0.00131954   -0.00000000   -0.00043303  
  -0.00137731   -0.00000000   -0.00043551  
  -0.00143860   -0.00006048   -0.00050902  
  -0.00124366   -0.00013681   -0.00051127  
